# OpenSignals Text File Format. Version 1
# {"98:D3:21:FC:8B:12": {"position": 0, "device": "bitalino_rev", "device name": "98:D3:21:FC:8B:12", "device connection": "98:D3:21:FC:8B:12", "sampling rate": 100, "resolution": [4, 1, 1, 1, 1, 10, 10, 10, 10, 6, 6], "firmware version": 1281, "comments": "", "keywords": "", "mode": 0, "sync interval": 2, "date": "2025-1-20", "time": "11:41:46.302", "channels": [1, 2, 3, 4, 5, 6], "sensor": ["RAW", "ECGBIT", "RAW", "RAW", "RAW", "RAW"], "label": ["A1", "A2", "A3", "A4", "A5", "A6"], "column": ["nSeq", "I1", "I2", "O1", "O2", "A1", "A2", "A3", "A4", "A5", "A6"], "special": [{}, {}, {}, {}, {}, {}], "digital IO": [0, 0, 1, 1], "convertedValues": 1}}
# EndOfHeader
0.0	0.0	0.0	0.0	0.0	0.0	-0.044	0.0	0.0	0.0	0.0	
1.0	0.0	0.0	0.0	0.0	0.0	-0.029	0.0	0.0	0.0	0.0	
2.0	0.0	0.0	0.0	0.0	0.0	-0.038	0.0	0.0	0.0	0.0	
3.0	0.0	0.0	0.0	0.0	3.0	-0.064	0.0	0.0	0.0	0.0	
4.0	0.0	0.0	0.0	0.0	0.0	-0.091	0.0	0.0	0.0	0.0	
5.0	0.0	0.0	0.0	0.0	0.0	-0.094	0.0	0.0	0.0	0.0	
6.0	0.0	0.0	0.0	0.0	0.0	-0.097	0.0	0.0	0.0	0.0	
7.0	0.0	0.0	0.0	0.0	3.0	-0.1	0.0	0.0	0.0	0.0	
8.0	0.0	0.0	0.0	0.0	0.0	-0.105	0.0	0.0	0.0	0.0	
9.0	0.0	0.0	0.0	0.0	1.0	-0.088	0.0	0.0	0.0	0.0	
10.0	0.0	0.0	0.0	0.0	0.0	-0.073	0.0	0.0	0.0	0.0	
11.0	0.0	0.0	0.0	0.0	3.0	-0.076	0.0	0.0	0.0	0.0	
12.0	0.0	0.0	0.0	0.0	0.0	0.044	0.0	0.0	0.0	0.0	
13.0	0.0	0.0	0.0	0.0	0.0	0.223	0.0	0.0	0.0	0.0	
14.0	0.0	0.0	0.0	0.0	0.0	0.217	1.0	0.0	0.0	0.0	
15.0	0.0	0.0	0.0	0.0	0.0	-0.006	0.0	0.0	0.0	0.0	
0.0	0.0	0.0	0.0	0.0	0.0	-0.205	0.0	0.0	0.0	0.0	
1.0	0.0	0.0	0.0	0.0	0.0	-0.179	0.0	0.0	0.0	0.0	
2.0	0.0	0.0	0.0	0.0	0.0	-0.105	0.0	0.0	0.0	0.0	
3.0	0.0	0.0	0.0	0.0	3.0	-0.044	0.0	0.0	0.0	0.0	
4.0	0.0	0.0	0.0	0.0	0.0	-0.015	0.0	0.0	0.0	0.0	
5.0	0.0	0.0	0.0	0.0	0.0	-0.003	0.0	0.0	0.0	0.0	
6.0	0.0	0.0	0.0	0.0	0.0	0.018	0.0	0.0	0.0	0.0	
7.0	0.0	0.0	0.0	0.0	3.0	0.032	0.0	0.0	0.0	0.0	
8.0	0.0	0.0	0.0	0.0	0.0	0.053	0.0	0.0	0.0	0.0	
9.0	0.0	0.0	0.0	0.0	0.0	0.064	0.0	0.0	0.0	0.0	
10.0	0.0	0.0	0.0	0.0	0.0	0.073	0.0	0.0	0.0	0.0	
11.0	0.0	0.0	0.0	0.0	1.0	0.082	0.0	0.0	0.0	0.0	
12.0	0.0	0.0	0.0	0.0	0.0	0.082	0.0	0.0	0.0	0.0	
13.0	0.0	0.0	0.0	0.0	0.0	0.097	0.0	0.0	0.0	0.0	
14.0	0.0	0.0	0.0	0.0	0.0	0.105	0.0	0.0	0.0	0.0	
15.0	0.0	0.0	0.0	0.0	3.0	0.12	0.0	0.0	0.0	0.0	
0.0	0.0	0.0	0.0	0.0	0.0	0.141	0.0	0.0	0.0	0.0	
1.0	0.0	0.0	0.0	0.0	0.0	0.129	0.0	0.0	0.0	0.0	
2.0	0.0	0.0	0.0	0.0	0.0	0.123	0.0	0.0	0.0	0.0	
3.0	0.0	0.0	0.0	0.0	3.0	0.103	0.0	0.0	0.0	0.0	
4.0	0.0	0.0	0.0	0.0	0.0	0.088	0.0	0.0	0.0	0.0	
5.0	0.0	0.0	0.0	0.0	0.0	0.05	0.0	0.0	0.0	0.0	
6.0	0.0	0.0	0.0	0.0	0.0	0.021	0.0	0.0	0.0	0.0	
7.0	0.0	0.0	0.0	0.0	3.0	-0.015	0.0	0.0	0.0	0.0	
8.0	0.0	0.0	0.0	0.0	0.0	-0.026	0.0	0.0	0.0	0.0	
9.0	0.0	0.0	0.0	0.0	0.0	-0.029	0.0	0.0	0.0	0.0	
10.0	0.0	0.0	0.0	0.0	0.0	-0.035	0.0	0.0	0.0	0.0	
11.0	0.0	0.0	0.0	0.0	3.0	-0.023	0.0	0.0	0.0	0.0	
12.0	0.0	0.0	0.0	0.0	0.0	-0.018	0.0	0.0	0.0	0.0	
13.0	0.0	0.0	0.0	0.0	0.0	-0.003	0.0	0.0	0.0	0.0	
14.0	0.0	0.0	0.0	0.0	0.0	0.003	0.0	0.0	0.0	0.0	
15.0	0.0	0.0	0.0	0.0	3.0	0.026	0.0	0.0	0.0	0.0	
0.0	0.0	0.0	0.0	0.0	0.0	0.038	0.0	0.0	0.0	0.0	
1.0	0.0	0.0	0.0	0.0	0.0	0.038	0.0	0.0	0.0	0.0	
2.0	0.0	0.0	0.0	0.0	0.0	0.059	0.0	0.0	0.0	0.0	
3.0	0.0	0.0	0.0	0.0	3.0	0.064	0.0	0.0	0.0	0.0	
4.0	0.0	0.0	0.0	0.0	0.0	0.064	0.0	0.0	0.0	0.0	
5.0	0.0	0.0	0.0	0.0	0.0	0.073	0.0	0.0	0.0	0.0	
6.0	0.0	0.0	0.0	0.0	0.0	0.079	0.0	0.0	0.0	0.0	
7.0	0.0	0.0	0.0	0.0	3.0	0.082	0.0	0.0	0.0	0.0	
8.0	0.0	0.0	0.0	0.0	0.0	0.073	0.0	0.0	0.0	0.0	
9.0	0.0	0.0	0.0	0.0	0.0	0.082	0.0	0.0	0.0	0.0	
10.0	0.0	0.0	0.0	0.0	0.0	0.082	0.0	0.0	0.0	0.0	
11.0	0.0	0.0	0.0	0.0	0.0	0.111	0.0	0.0	0.0	0.0	
12.0	0.0	0.0	0.0	0.0	0.0	0.117	0.0	0.0	0.0	0.0	
13.0	0.0	0.0	0.0	0.0	0.0	0.123	0.0	0.0	0.0	0.0	
14.0	0.0	0.0	0.0	0.0	0.0	0.135	0.0	0.0	0.0	0.0	
15.0	0.0	0.0	0.0	0.0	3.0	0.149	0.0	0.0	0.0	0.0	
0.0	0.0	0.0	0.0	0.0	0.0	0.138	0.0	0.0	0.0	0.0	
1.0	0.0	0.0	0.0	0.0	0.0	0.114	0.0	0.0	0.0	0.0	
2.0	0.0	0.0	0.0	0.0	0.0	0.088	1.0	0.0	0.0	0.0	
3.0	0.0	0.0	0.0	0.0	4.0	0.091	0.0	0.0	0.0	0.0	
4.0	0.0	0.0	0.0	0.0	0.0	0.097	0.0	0.0	0.0	0.0	
5.0	0.0	0.0	0.0	0.0	0.0	0.091	0.0	0.0	0.0	0.0	
6.0	0.0	0.0	0.0	0.0	0.0	0.079	0.0	0.0	0.0	0.0	
7.0	0.0	0.0	0.0	0.0	2.0	0.062	0.0	0.0	0.0	0.0	
8.0	0.0	0.0	0.0	0.0	0.0	0.05	0.0	0.0	0.0	0.0	
9.0	0.0	0.0	0.0	0.0	0.0	0.029	0.0	0.0	0.0	0.0	
10.0	0.0	0.0	0.0	0.0	0.0	0.103	1.0	0.0	0.0	0.0	
11.0	0.0	0.0	0.0	0.0	4.0	0.281	0.0	0.0	0.0	0.0	
12.0	0.0	0.0	0.0	0.0	0.0	0.316	0.0	0.0	0.0	0.0	
13.0	0.0	0.0	0.0	0.0	0.0	0.103	0.0	0.0	0.0	0.0	
14.0	0.0	0.0	0.0	0.0	0.0	-0.138	0.0	0.0	0.0	0.0	
15.0	0.0	0.0	0.0	0.0	4.0	-0.132	0.0	0.0	0.0	0.0	
0.0	0.0	0.0	0.0	0.0	0.0	-0.073	0.0	0.0	0.0	0.0	
1.0	0.0	0.0	0.0	0.0	0.0	-0.006	0.0	0.0	0.0	0.0	
2.0	0.0	0.0	0.0	0.0	0.0	0.015	0.0	0.0	0.0	0.0	
3.0	0.0	0.0	0.0	0.0	4.0	0.023	0.0	0.0	0.0	0.0	
4.0	0.0	0.0	0.0	0.0	0.0	0.041	0.0	0.0	0.0	0.0	
5.0	0.0	0.0	0.0	0.0	0.0	0.044	0.0	0.0	0.0	0.0	
6.0	0.0	0.0	0.0	0.0	0.0	0.059	1.0	0.0	0.0	0.0	
7.0	0.0	0.0	0.0	0.0	4.0	0.05	0.0	0.0	0.0	0.0	
8.0	0.0	0.0	0.0	0.0	0.0	0.062	0.0	0.0	0.0	0.0	
9.0	0.0	0.0	0.0	0.0	0.0	0.07	0.0	0.0	0.0	0.0	
10.0	0.0	0.0	0.0	0.0	0.0	0.094	1.0	0.0	0.0	0.0	
11.0	0.0	0.0	0.0	0.0	4.0	0.1	0.0	0.0	0.0	0.0	
12.0	0.0	0.0	0.0	0.0	0.0	0.105	0.0	0.0	0.0	0.0	
13.0	0.0	0.0	0.0	0.0	0.0	0.111	0.0	0.0	0.0	0.0	
14.0	0.0	0.0	0.0	0.0	0.0	0.123	1.0	0.0	0.0	0.0	
15.0	0.0	0.0	0.0	0.0	4.0	0.126	0.0	0.0	0.0	0.0	
0.0	0.0	0.0	0.0	0.0	0.0	0.114	0.0	0.0	0.0	0.0	
1.0	0.0	0.0	0.0	0.0	0.0	0.085	0.0	0.0	0.0	0.0	
2.0	0.0	0.0	0.0	0.0	0.0	0.07	1.0	0.0	0.0	0.0	
3.0	0.0	0.0	0.0	0.0	4.0	0.044	0.0	0.0	0.0	0.0	
4.0	0.0	0.0	0.0	0.0	0.0	-0.006	0.0	0.0	0.0	0.0	
5.0	0.0	0.0	0.0	0.0	0.0	-0.038	0.0	0.0	0.0	0.0	
6.0	0.0	0.0	0.0	0.0	0.0	-0.05	0.0	0.0	0.0	0.0	
7.0	0.0	0.0	0.0	0.0	1.0	-0.053	0.0	0.0	0.0	0.0	
8.0	0.0	0.0	0.0	0.0	0.0	-0.059	0.0	0.0	0.0	0.0	
9.0	0.0	0.0	0.0	0.0	0.0	-0.05	0.0	0.0	0.0	0.0	
10.0	0.0	0.0	0.0	0.0	0.0	-0.044	0.0	0.0	0.0	0.0	
11.0	0.0	0.0	0.0	0.0	4.0	-0.047	0.0	0.0	0.0	0.0	
12.0	0.0	0.0	0.0	0.0	0.0	-0.038	0.0	0.0	0.0	0.0	
13.0	0.0	0.0	0.0	0.0	0.0	-0.044	0.0	0.0	0.0	0.0	
14.0	0.0	0.0	0.0	0.0	0.0	-0.035	0.0	0.0	0.0	0.0	
15.0	0.0	0.0	0.0	0.0	4.0	-0.023	0.0	0.0	0.0	0.0	
0.0	0.0	0.0	0.0	0.0	0.0	-0.021	0.0	0.0	0.0	0.0	
1.0	0.0	0.0	0.0	0.0	0.0	-0.023	0.0	0.0	0.0	0.0	
2.0	0.0	0.0	0.0	0.0	0.0	-0.006	0.0	0.0	0.0	0.0	
3.0	0.0	0.0	0.0	0.0	2.0	-0.012	0.0	0.0	0.0	0.0	
4.0	0.0	0.0	0.0	0.0	0.0	-0.006	0.0	0.0	0.0	0.0	
5.0	0.0	0.0	0.0	0.0	0.0	-0.012	0.0	0.0	0.0	0.0	
6.0	0.0	0.0	0.0	0.0	0.0	-0.021	1.0	0.0	0.0	0.0	
7.0	0.0	0.0	0.0	0.0	4.0	-0.006	0.0	0.0	0.0	0.0	
8.0	0.0	0.0	0.0	0.0	0.0	0.003	0.0	0.0	0.0	0.0	
9.0	0.0	0.0	0.0	0.0	0.0	0.015	0.0	0.0	0.0	0.0	
10.0	0.0	0.0	0.0	0.0	0.0	0.015	1.0	0.0	0.0	0.0	
11.0	0.0	0.0	0.0	0.0	4.0	0.018	0.0	0.0	0.0	0.0	
12.0	0.0	0.0	0.0	0.0	0.0	0.026	0.0	0.0	0.0	0.0	
13.0	0.0	0.0	0.0	0.0	0.0	0.023	0.0	0.0	0.0	0.0	
14.0	0.0	0.0	0.0	0.0	0.0	0.015	0.0	0.0	0.0	0.0	
15.0	0.0	0.0	0.0	0.0	4.0	-0.012	0.0	0.0	0.0	0.0	
0.0	0.0	0.0	0.0	0.0	0.0	-0.026	0.0	0.0	0.0	0.0	
1.0	0.0	0.0	0.0	0.0	0.0	-0.029	0.0	0.0	0.0	0.0	
2.0	0.0	0.0	0.0	0.0	0.0	-0.032	0.0	0.0	0.0	0.0	
3.0	0.0	0.0	0.0	0.0	4.0	-0.032	0.0	0.0	0.0	0.0	
4.0	0.0	0.0	0.0	0.0	0.0	-0.032	0.0	0.0	0.0	0.0	
5.0	0.0	0.0	0.0	0.0	0.0	-0.023	0.0	0.0	0.0	0.0	
6.0	0.0	0.0	0.0	0.0	0.0	-0.012	1.0	0.0	0.0	0.0	
7.0	0.0	0.0	0.0	0.0	4.0	-0.009	0.0	0.0	0.0	0.0	
8.0	0.0	0.0	0.0	0.0	0.0	0.126	0.0	0.0	0.0	0.0	
9.0	0.0	0.0	0.0	0.0	0.0	0.308	0.0	0.0	0.0	0.0	
10.0	0.0	0.0	0.0	0.0	0.0	0.246	1.0	0.0	0.0	0.0	
11.0	0.0	0.0	0.0	0.0	4.0	0.003	0.0	0.0	0.0	0.0	
12.0	0.0	0.0	0.0	0.0	0.0	-0.149	0.0	0.0	0.0	0.0	
13.0	0.0	0.0	0.0	0.0	0.0	-0.117	0.0	0.0	0.0	0.0	
14.0	0.0	0.0	0.0	0.0	0.0	-0.062	0.0	0.0	0.0	0.0	
15.0	0.0	0.0	0.0	0.0	4.0	-0.015	0.0	0.0	0.0	0.0	
0.0	0.0	0.0	0.0	0.0	0.0	-0.006	0.0	0.0	0.0	0.0	
1.0	0.0	0.0	0.0	0.0	0.0	0.0	0.0	0.0	0.0	0.0	
2.0	0.0	0.0	0.0	0.0	0.0	0.003	0.0	0.0	0.0	0.0	
3.0	0.0	0.0	0.0	0.0	1.0	0.0	0.0	0.0	0.0	0.0	
4.0	0.0	0.0	0.0	0.0	0.0	0.009	0.0	0.0	0.0	0.0	
5.0	0.0	0.0	0.0	0.0	0.0	0.0	0.0	0.0	0.0	0.0	
6.0	0.0	0.0	0.0	0.0	0.0	0.015	1.0	0.0	0.0	0.0	
7.0	0.0	0.0	0.0	0.0	4.0	0.018	0.0	0.0	0.0	0.0	
8.0	0.0	0.0	0.0	0.0	0.0	0.029	0.0	0.0	0.0	0.0	
9.0	0.0	0.0	0.0	0.0	0.0	0.044	0.0	0.0	0.0	0.0	
10.0	0.0	0.0	0.0	0.0	0.0	0.044	1.0	0.0	0.0	0.0	
11.0	0.0	0.0	0.0	0.0	4.0	0.059	0.0	0.0	0.0	0.0	
12.0	0.0	0.0	0.0	0.0	0.0	0.059	0.0	0.0	0.0	0.0	
13.0	0.0	0.0	0.0	0.0	0.0	0.056	0.0	0.0	0.0	0.0	
14.0	0.0	0.0	0.0	0.0	0.0	0.038	0.0	0.0	0.0	0.0	
15.0	0.0	0.0	0.0	0.0	2.0	0.029	0.0	0.0	0.0	0.0	
0.0	0.0	0.0	0.0	0.0	0.0	0.009	0.0	0.0	0.0	0.0	
1.0	0.0	0.0	0.0	0.0	0.0	-0.023	0.0	0.0	0.0	0.0	
2.0	0.0	0.0	0.0	0.0	0.0	-0.053	0.0	0.0	0.0	0.0	
3.0	0.0	0.0	0.0	0.0	4.0	-0.079	0.0	0.0	0.0	0.0	
4.0	0.0	0.0	0.0	0.0	0.0	-0.114	0.0	0.0	0.0	0.0	
5.0	0.0	0.0	0.0	0.0	0.0	-0.138	0.0	0.0	0.0	0.0	
6.0	0.0	0.0	0.0	0.0	0.0	-0.149	0.0	0.0	0.0	0.0	
7.0	0.0	0.0	0.0	0.0	4.0	-0.158	0.0	0.0	0.0	0.0	
8.0	0.0	0.0	0.0	0.0	0.0	-0.152	0.0	0.0	0.0	0.0	
9.0	0.0	0.0	0.0	0.0	0.0	-0.135	0.0	0.0	0.0	0.0	
10.0	0.0	0.0	0.0	0.0	0.0	-0.132	0.0	0.0	0.0	0.0	
11.0	0.0	0.0	0.0	0.0	4.0	-0.117	0.0	0.0	0.0	0.0	
12.0	0.0	0.0	0.0	0.0	0.0	-0.111	0.0	0.0	0.0	0.0	
13.0	0.0	0.0	0.0	0.0	0.0	-0.1	0.0	0.0	0.0	0.0	
14.0	0.0	0.0	0.0	0.0	0.0	-0.082	0.0	0.0	0.0	0.0	
15.0	0.0	0.0	0.0	0.0	4.0	-0.064	0.0	0.0	0.0	0.0	
0.0	0.0	0.0	0.0	0.0	0.0	-0.053	0.0	0.0	0.0	0.0	
1.0	0.0	0.0	0.0	0.0	0.0	-0.041	0.0	0.0	0.0	0.0	
2.0	0.0	0.0	0.0	0.0	0.0	-0.023	1.0	0.0	0.0	0.0	
3.0	0.0	0.0	0.0	0.0	2.0	-0.009	0.0	0.0	0.0	0.0	
4.0	0.0	0.0	0.0	0.0	0.0	-0.009	0.0	0.0	0.0	0.0	
5.0	0.0	0.0	0.0	0.0	0.0	-0.021	0.0	0.0	0.0	0.0	
6.0	0.0	0.0	0.0	0.0	0.0	-0.012	1.0	0.0	0.0	0.0	
7.0	0.0	0.0	0.0	0.0	4.0	-0.006	0.0	0.0	0.0	0.0	
8.0	0.0	0.0	0.0	0.0	0.0	-0.006	0.0	0.0	0.0	0.0	
9.0	0.0	0.0	0.0	0.0	0.0	0.003	0.0	0.0	0.0	0.0	
10.0	0.0	0.0	0.0	0.0	0.0	0.0	0.0	0.0	0.0	0.0	
11.0	0.0	0.0	0.0	0.0	4.0	0.0	0.0	0.0	0.0	0.0	
12.0	0.0	0.0	0.0	0.0	0.0	-0.029	0.0	0.0	0.0	0.0	
13.0	0.0	0.0	0.0	0.0	0.0	-0.053	0.0	0.0	0.0	0.0	
14.0	0.0	0.0	0.0	0.0	0.0	-0.047	0.0	0.0	0.0	0.0	
15.0	0.0	0.0	0.0	0.0	1.0	-0.044	0.0	0.0	0.0	0.0	
0.0	0.0	0.0	0.0	0.0	0.0	-0.041	0.0	0.0	0.0	0.0	
1.0	0.0	0.0	0.0	0.0	0.0	-0.035	0.0	0.0	0.0	0.0	
2.0	0.0	0.0	0.0	0.0	0.0	-0.023	1.0	0.0	0.0	0.0	
3.0	0.0	0.0	0.0	0.0	4.0	-0.021	0.0	0.0	0.0	0.0	
4.0	0.0	0.0	0.0	0.0	0.0	-0.023	0.0	0.0	0.0	0.0	
5.0	0.0	0.0	0.0	0.0	0.0	0.026	0.0	0.0	0.0	0.0	
6.0	0.0	0.0	0.0	0.0	0.0	0.208	1.0	0.0	0.0	0.0	
7.0	0.0	0.0	0.0	0.0	4.0	0.287	0.0	0.0	0.0	0.0	
8.0	0.0	0.0	0.0	0.0	0.0	0.103	0.0	0.0	0.0	0.0	
9.0	0.0	0.0	0.0	0.0	0.0	-0.144	0.0	0.0	0.0	0.0	
10.0	0.0	0.0	0.0	0.0	0.0	-0.146	0.0	0.0	0.0	0.0	
11.0	0.0	0.0	0.0	0.0	4.0	-0.085	0.0	0.0	0.0	0.0	
12.0	0.0	0.0	0.0	0.0	0.0	-0.032	0.0	0.0	0.0	0.0	
13.0	0.0	0.0	0.0	0.0	0.0	-0.003	0.0	0.0	0.0	0.0	
14.0	0.0	0.0	0.0	0.0	0.0	0.009	1.0	0.0	0.0	0.0	
15.0	0.0	0.0	0.0	0.0	4.0	0.015	0.0	0.0	0.0	0.0	
0.0	0.0	0.0	0.0	0.0	0.0	0.023	0.0	0.0	0.0	0.0	
1.0	0.0	0.0	0.0	0.0	0.0	0.029	0.0	0.0	0.0	0.0	
2.0	0.0	0.0	0.0	0.0	0.0	0.029	1.0	0.0	0.0	0.0	
3.0	0.0	0.0	0.0	0.0	4.0	0.035	0.0	0.0	0.0	0.0	
4.0	0.0	0.0	0.0	0.0	0.0	0.041	0.0	0.0	0.0	0.0	
5.0	0.0	0.0	0.0	0.0	0.0	0.044	0.0	0.0	0.0	0.0	
6.0	0.0	0.0	0.0	0.0	0.0	0.041	1.0	0.0	0.0	0.0	
7.0	0.0	0.0	0.0	0.0	4.0	0.05	0.0	0.0	0.0	0.0	
8.0	0.0	0.0	0.0	0.0	0.0	0.062	0.0	0.0	0.0	0.0	
9.0	0.0	0.0	0.0	0.0	0.0	0.079	0.0	0.0	0.0	0.0	
10.0	0.0	0.0	0.0	0.0	0.0	0.082	1.0	0.0	0.0	0.0	
11.0	0.0	0.0	0.0	0.0	4.0	0.088	0.0	0.0	0.0	0.0	
12.0	0.0	0.0	0.0	0.0	0.0	0.07	0.0	0.0	0.0	0.0	
13.0	0.0	0.0	0.0	0.0	0.0	0.062	0.0	0.0	0.0	0.0	
14.0	0.0	0.0	0.0	0.0	0.0	0.018	1.0	0.0	0.0	0.0	
15.0	0.0	0.0	0.0	0.0	2.0	-0.012	0.0	0.0	0.0	0.0	
0.0	0.0	0.0	0.0	0.0	0.0	-0.032	0.0	0.0	0.0	0.0	
1.0	0.0	0.0	0.0	0.0	0.0	-0.044	0.0	0.0	0.0	0.0	
2.0	0.0	0.0	0.0	0.0	0.0	-0.044	1.0	0.0	0.0	0.0	
3.0	0.0	0.0	0.0	0.0	4.0	-0.044	0.0	0.0	0.0	0.0	
4.0	0.0	0.0	0.0	0.0	0.0	-0.032	0.0	0.0	0.0	0.0	
5.0	0.0	0.0	0.0	0.0	0.0	-0.023	0.0	0.0	0.0	0.0	
6.0	0.0	0.0	0.0	0.0	0.0	-0.015	1.0	0.0	0.0	0.0	
7.0	0.0	0.0	0.0	0.0	4.0	-0.006	0.0	0.0	0.0	0.0	
8.0	0.0	0.0	0.0	0.0	0.0	0.0	0.0	0.0	0.0	0.0	
9.0	0.0	0.0	0.0	0.0	0.0	0.015	0.0	0.0	0.0	0.0	
10.0	0.0	0.0	0.0	0.0	0.0	0.015	0.0	0.0	0.0	0.0	
11.0	0.0	0.0	0.0	0.0	1.0	0.026	0.0	0.0	0.0	0.0	
12.0	0.0	0.0	0.0	0.0	0.0	0.021	0.0	0.0	0.0	0.0	
13.0	0.0	0.0	0.0	0.0	0.0	0.023	0.0	0.0	0.0	0.0	
14.0	0.0	0.0	0.0	0.0	0.0	0.023	1.0	0.0	0.0	0.0	
15.0	0.0	0.0	0.0	0.0	4.0	0.026	0.0	0.0	0.0	0.0	
0.0	0.0	0.0	0.0	0.0	0.0	0.023	0.0	0.0	0.0	0.0	
1.0	0.0	0.0	0.0	0.0	0.0	0.023	0.0	0.0	0.0	0.0	
2.0	0.0	0.0	0.0	0.0	0.0	0.021	1.0	0.0	0.0	0.0	
3.0	0.0	0.0	0.0	0.0	4.0	0.021	0.0	0.0	0.0	0.0	
4.0	0.0	0.0	0.0	0.0	0.0	0.035	0.0	0.0	0.0	0.0	
5.0	0.0	0.0	0.0	0.0	0.0	0.044	0.0	0.0	0.0	0.0	
6.0	0.0	0.0	0.0	0.0	0.0	0.05	0.0	0.0	0.0	0.0	
7.0	0.0	0.0	0.0	0.0	4.0	0.062	0.0	0.0	0.0	0.0	
8.0	0.0	0.0	0.0	0.0	0.0	0.056	0.0	0.0	0.0	0.0	
9.0	0.0	0.0	0.0	0.0	0.0	0.07	0.0	0.0	0.0	0.0	
10.0	0.0	0.0	0.0	0.0	0.0	0.047	1.0	0.0	0.0	0.0	
11.0	0.0	0.0	0.0	0.0	4.0	0.009	0.0	0.0	0.0	0.0	
12.0	0.0	0.0	0.0	0.0	0.0	-0.012	0.0	0.0	0.0	0.0	
13.0	0.0	0.0	0.0	0.0	0.0	-0.021	0.0	0.0	0.0	0.0	
14.0	0.0	0.0	0.0	0.0	0.0	-0.018	1.0	0.0	0.0	0.0	
15.0	0.0	0.0	0.0	0.0	4.0	-0.023	0.0	0.0	0.0	0.0	
0.0	0.0	0.0	0.0	0.0	0.0	-0.023	0.0	0.0	0.0	0.0	
1.0	0.0	0.0	0.0	0.0	0.0	-0.029	0.0	0.0	0.0	0.0	
2.0	0.0	0.0	0.0	0.0	0.0	-0.035	0.0	0.0	0.0	0.0	
3.0	0.0	0.0	0.0	0.0	4.0	-0.041	0.0	0.0	0.0	0.0	
4.0	0.0	0.0	0.0	0.0	0.0	0.082	0.0	0.0	0.0	0.0	
5.0	0.0	0.0	0.0	0.0	0.0	0.246	0.0	0.0	0.0	0.0	
6.0	0.0	0.0	0.0	0.0	0.0	0.234	1.0	0.0	0.0	0.0	
7.0	0.0	0.0	0.0	0.0	4.0	-0.003	0.0	0.0	0.0	0.0	
8.0	0.0	0.0	0.0	0.0	0.0	-0.179	0.0	0.0	0.0	0.0	
9.0	0.0	0.0	0.0	0.0	0.0	-0.126	0.0	0.0	0.0	0.0	
10.0	0.0	0.0	0.0	0.0	0.0	-0.062	1.0	0.0	0.0	0.0	
11.0	0.0	0.0	0.0	0.0	2.0	-0.015	0.0	0.0	0.0	0.0	
12.0	0.0	0.0	0.0	0.0	0.0	0.006	0.0	0.0	0.0	0.0	
13.0	0.0	0.0	0.0	0.0	0.0	0.021	0.0	0.0	0.0	0.0	
14.0	0.0	0.0	0.0	0.0	0.0	0.023	1.0	0.0	0.0	0.0	
15.0	0.0	0.0	0.0	0.0	4.0	0.018	0.0	0.0	0.0	0.0	
0.0	0.0	0.0	0.0	0.0	0.0	0.021	0.0	0.0	0.0	0.0	
1.0	0.0	0.0	0.0	0.0	0.0	0.021	0.0	0.0	0.0	0.0	
2.0	0.0	0.0	0.0	0.0	0.0	0.023	1.0	0.0	0.0	0.0	
3.0	0.0	0.0	0.0	0.0	4.0	0.032	0.0	0.0	0.0	0.0	
4.0	0.0	0.0	0.0	0.0	0.0	0.032	0.0	0.0	0.0	0.0	
5.0	0.0	0.0	0.0	0.0	0.0	0.035	0.0	0.0	0.0	0.0	
6.0	0.0	0.0	0.0	0.0	0.0	0.032	0.0	0.0	0.0	0.0	
7.0	0.0	0.0	0.0	0.0	1.0	0.035	0.0	0.0	0.0	0.0	
8.0	0.0	0.0	0.0	0.0	0.0	0.035	0.0	0.0	0.0	0.0	
9.0	0.0	0.0	0.0	0.0	0.0	0.035	0.0	0.0	0.0	0.0	
10.0	0.0	0.0	0.0	0.0	0.0	0.035	1.0	0.0	0.0	0.0	
11.0	0.0	0.0	0.0	0.0	4.0	0.026	0.0	0.0	0.0	0.0	
12.0	0.0	0.0	0.0	0.0	0.0	0.021	0.0	0.0	0.0	0.0	
13.0	0.0	0.0	0.0	0.0	0.0	-0.012	0.0	0.0	0.0	0.0	
14.0	0.0	0.0	0.0	0.0	0.0	-0.032	1.0	0.0	0.0	0.0	
15.0	0.0	0.0	0.0	0.0	4.0	-0.059	0.0	0.0	0.0	0.0	
0.0	0.0	0.0	0.0	0.0	0.0	-0.067	0.0	0.0	0.0	0.0	
1.0	0.0	0.0	0.0	0.0	0.0	-0.079	0.0	0.0	0.0	0.0	
2.0	0.0	0.0	0.0	0.0	0.0	-0.079	0.0	0.0	0.0	0.0	
3.0	0.0	0.0	0.0	0.0	4.0	-0.079	0.0	0.0	0.0	0.0	
4.0	0.0	0.0	0.0	0.0	0.0	-0.076	0.0	0.0	0.0	0.0	
5.0	0.0	0.0	0.0	0.0	0.0	-0.076	0.0	0.0	0.0	0.0	
6.0	0.0	0.0	0.0	0.0	0.0	-0.07	0.0	0.0	0.0	0.0	
7.0	0.0	0.0	0.0	0.0	4.0	-0.067	0.0	0.0	0.0	0.0	
8.0	0.0	0.0	0.0	0.0	0.0	-0.07	0.0	0.0	0.0	0.0	
9.0	0.0	0.0	0.0	0.0	0.0	-0.062	0.0	0.0	0.0	0.0	
10.0	0.0	0.0	0.0	0.0	0.0	-0.062	0.0	0.0	0.0	0.0	
11.0	0.0	0.0	0.0	0.0	1.0	-0.064	0.0	0.0	0.0	0.0	
12.0	0.0	0.0	0.0	0.0	0.0	-0.047	0.0	0.0	0.0	0.0	
13.0	0.0	0.0	0.0	0.0	0.0	-0.038	0.0	0.0	0.0	0.0	
14.0	0.0	0.0	0.0	0.0	0.0	-0.029	0.0	0.0	0.0	0.0	
15.0	0.0	0.0	0.0	0.0	4.0	-0.026	0.0	0.0	0.0	0.0	
0.0	0.0	0.0	0.0	0.0	0.0	-0.023	0.0	0.0	0.0	0.0	
1.0	0.0	0.0	0.0	0.0	0.0	-0.023	0.0	0.0	0.0	0.0	
2.0	0.0	0.0	0.0	0.0	0.0	-0.023	1.0	0.0	0.0	0.0	
3.0	0.0	0.0	0.0	0.0	4.0	-0.012	0.0	0.0	0.0	0.0	
4.0	0.0	0.0	0.0	0.0	0.0	-0.018	0.0	0.0	0.0	0.0	
5.0	0.0	0.0	0.0	0.0	0.0	-0.003	0.0	0.0	0.0	0.0	
6.0	0.0	0.0	0.0	0.0	0.0	0.0	0.0	0.0	0.0	0.0	
7.0	0.0	0.0	0.0	0.0	2.0	-0.003	0.0	0.0	0.0	0.0	
8.0	0.0	0.0	0.0	0.0	0.0	0.009	0.0	0.0	0.0	0.0	
9.0	0.0	0.0	0.0	0.0	0.0	0.023	0.0	0.0	0.0	0.0	
10.0	0.0	0.0	0.0	0.0	0.0	0.032	1.0	0.0	0.0	0.0	
11.0	0.0	0.0	0.0	0.0	4.0	0.041	0.0	0.0	0.0	0.0	
12.0	0.0	0.0	0.0	0.0	0.0	0.035	0.0	0.0	0.0	0.0	
13.0	0.0	0.0	0.0	0.0	0.0	0.006	0.0	0.0	0.0	0.0	
14.0	0.0	0.0	0.0	0.0	0.0	0.003	1.0	0.0	0.0	0.0	
15.0	0.0	0.0	0.0	0.0	4.0	-0.003	0.0	0.0	0.0	0.0	
0.0	0.0	0.0	0.0	0.0	0.0	0.003	0.0	0.0	0.0	0.0	
1.0	0.0	0.0	0.0	0.0	0.0	-0.003	0.0	0.0	0.0	0.0	
2.0	0.0	0.0	0.0	0.0	0.0	0.0	0.0	0.0	0.0	0.0	
3.0	0.0	0.0	0.0	0.0	4.0	-0.003	0.0	0.0	0.0	0.0	
4.0	0.0	0.0	0.0	0.0	0.0	0.0	0.0	0.0	0.0	0.0	
5.0	0.0	0.0	0.0	0.0	0.0	-0.009	0.0	0.0	0.0	0.0	
6.0	0.0	0.0	0.0	0.0	0.0	0.091	1.0	0.0	0.0	0.0	
7.0	0.0	0.0	0.0	0.0	4.0	0.264	0.0	0.0	0.0	0.0	
8.0	0.0	0.0	0.0	0.0	0.0	0.261	0.0	0.0	0.0	0.0	
9.0	0.0	0.0	0.0	0.0	0.0	0.038	0.0	0.0	0.0	0.0	
10.0	0.0	0.0	0.0	0.0	0.0	-0.182	0.0	0.0	0.0	0.0	
11.0	0.0	0.0	0.0	0.0	4.0	-0.158	0.0	0.0	0.0	0.0	
12.0	0.0	0.0	0.0	0.0	0.0	-0.085	0.0	0.0	0.0	0.0	
13.0	0.0	0.0	0.0	0.0	0.0	-0.035	0.0	0.0	0.0	0.0	
14.0	0.0	0.0	0.0	0.0	0.0	-0.018	1.0	0.0	0.0	0.0	
15.0	0.0	0.0	0.0	0.0	4.0	-0.006	0.0	0.0	0.0	0.0	
0.0	0.0	0.0	0.0	0.0	0.0	0.012	0.0	0.0	0.0	0.0	
1.0	0.0	0.0	0.0	0.0	0.0	0.026	0.0	0.0	0.0	0.0	
2.0	0.0	0.0	0.0	0.0	0.0	0.041	1.0	0.0	0.0	0.0	
3.0	0.0	0.0	0.0	0.0	4.0	0.047	0.0	0.0	0.0	0.0	
4.0	0.0	0.0	0.0	0.0	0.0	0.059	0.0	0.0	0.0	0.0	
5.0	0.0	0.0	0.0	0.0	0.0	0.064	0.0	0.0	0.0	0.0	
6.0	0.0	0.0	0.0	0.0	0.0	0.073	1.0	0.0	0.0	0.0	
7.0	0.0	0.0	0.0	0.0	1.0	0.082	0.0	0.0	0.0	0.0	
8.0	0.0	0.0	0.0	0.0	0.0	0.097	0.0	0.0	0.0	0.0	
9.0	0.0	0.0	0.0	0.0	0.0	0.111	0.0	0.0	0.0	0.0	
10.0	0.0	0.0	0.0	0.0	0.0	0.105	1.0	0.0	0.0	0.0	
11.0	0.0	0.0	0.0	0.0	4.0	0.094	0.0	0.0	0.0	0.0	
12.0	0.0	0.0	0.0	0.0	0.0	0.097	0.0	0.0	0.0	0.0	
13.0	0.0	0.0	0.0	0.0	0.0	0.094	0.0	0.0	0.0	0.0	
14.0	0.0	0.0	0.0	0.0	0.0	0.076	1.0	0.0	0.0	0.0	
15.0	0.0	0.0	0.0	0.0	4.0	0.047	0.0	0.0	0.0	0.0	
0.0	0.0	0.0	0.0	0.0	0.0	0.012	0.0	0.0	0.0	0.0	
1.0	0.0	0.0	0.0	0.0	0.0	-0.023	0.0	0.0	0.0	0.0	
2.0	0.0	0.0	0.0	0.0	0.0	-0.047	0.0	0.0	0.0	0.0	
3.0	0.0	0.0	0.0	0.0	2.0	-0.07	0.0	0.0	0.0	0.0	
4.0	0.0	0.0	0.0	0.0	0.0	-0.067	0.0	0.0	0.0	0.0	
5.0	0.0	0.0	0.0	0.0	0.0	-0.07	0.0	0.0	0.0	0.0	
6.0	0.0	0.0	0.0	0.0	0.0	-0.064	0.0	0.0	0.0	0.0	
7.0	0.0	0.0	0.0	0.0	4.0	-0.064	0.0	0.0	0.0	0.0	
8.0	0.0	0.0	0.0	0.0	0.0	-0.053	0.0	0.0	0.0	0.0	
9.0	0.0	0.0	0.0	0.0	0.0	-0.059	0.0	0.0	0.0	0.0	
10.0	0.0	0.0	0.0	0.0	0.0	-0.059	0.0	0.0	0.0	0.0	
11.0	0.0	0.0	0.0	0.0	4.0	-0.059	0.0	0.0	0.0	0.0	
12.0	0.0	0.0	0.0	0.0	0.0	-0.056	0.0	0.0	0.0	0.0	
13.0	0.0	0.0	0.0	0.0	0.0	-0.05	0.0	0.0	0.0	0.0	
14.0	0.0	0.0	0.0	0.0	0.0	-0.038	0.0	0.0	0.0	0.0	
15.0	0.0	0.0	0.0	0.0	4.0	-0.044	0.0	0.0	0.0	0.0	
0.0	0.0	0.0	0.0	0.0	0.0	-0.05	0.0	0.0	0.0	0.0	
1.0	0.0	0.0	0.0	0.0	0.0	-0.053	0.0	0.0	0.0	0.0	
2.0	0.0	0.0	0.0	0.0	0.0	-0.053	0.0	0.0	0.0	0.0	
3.0	0.0	0.0	0.0	0.0	4.0	-0.053	0.0	0.0	0.0	0.0	
4.0	0.0	0.0	0.0	0.0	0.0	-0.035	0.0	0.0	0.0	0.0	
5.0	0.0	0.0	0.0	0.0	0.0	-0.044	0.0	0.0	0.0	0.0	
6.0	0.0	0.0	0.0	0.0	0.0	-0.047	1.0	0.0	0.0	0.0	
7.0	0.0	0.0	0.0	0.0	4.0	-0.05	0.0	0.0	0.0	0.0	
8.0	0.0	0.0	0.0	0.0	0.0	-0.056	0.0	0.0	0.0	0.0	
9.0	0.0	0.0	0.0	0.0	0.0	-0.053	0.0	0.0	0.0	0.0	
10.0	0.0	0.0	0.0	0.0	0.0	-0.053	0.0	0.0	0.0	0.0	
11.0	0.0	0.0	0.0	0.0	4.0	-0.05	0.0	0.0	0.0	0.0	
12.0	0.0	0.0	0.0	0.0	0.0	-0.038	0.0	0.0	0.0	0.0	
13.0	0.0	0.0	0.0	0.0	0.0	-0.032	0.0	0.0	0.0	0.0	
14.0	0.0	0.0	0.0	0.0	0.0	-0.026	1.0	0.0	0.0	0.0	
15.0	0.0	0.0	0.0	0.0	4.0	-0.021	0.0	0.0	0.0	0.0	
0.0	0.0	0.0	0.0	0.0	0.0	-0.009	0.0	0.0	0.0	0.0	
1.0	0.0	0.0	0.0	0.0	0.0	0.003	0.0	0.0	0.0	0.0	
2.0	0.0	0.0	0.0	0.0	0.0	0.012	1.0	0.0	0.0	0.0	
3.0	0.0	0.0	0.0	0.0	1.0	0.012	0.0	0.0	0.0	0.0	
4.0	0.0	0.0	0.0	0.0	0.0	0.009	0.0	0.0	0.0	0.0	
5.0	0.0	0.0	0.0	0.0	0.0	-0.026	0.0	0.0	0.0	0.0	
6.0	0.0	0.0	0.0	0.0	0.0	-0.059	0.0	0.0	0.0	0.0	
7.0	0.0	0.0	0.0	0.0	4.0	-0.07	0.0	0.0	0.0	0.0	
8.0	0.0	0.0	0.0	0.0	0.0	-0.059	0.0	0.0	0.0	0.0	
9.0	0.0	0.0	0.0	0.0	0.0	-0.056	0.0	0.0	0.0	0.0	
10.0	0.0	0.0	0.0	0.0	0.0	-0.056	0.0	0.0	0.0	0.0	
11.0	0.0	0.0	0.0	0.0	4.0	-0.056	0.0	0.0	0.0	0.0	
12.0	0.0	0.0	0.0	0.0	0.0	-0.05	0.0	0.0	0.0	0.0	
13.0	0.0	0.0	0.0	0.0	0.0	-0.056	0.0	0.0	0.0	0.0	
14.0	0.0	0.0	0.0	0.0	0.0	-0.038	0.0	0.0	0.0	0.0	
15.0	0.0	0.0	0.0	0.0	2.0	0.141	0.0	0.0	0.0	0.0	
0.0	0.0	0.0	0.0	0.0	0.0	0.261	0.0	0.0	0.0	0.0	
1.0	0.0	0.0	0.0	0.0	0.0	0.135	0.0	0.0	0.0	0.0	
2.0	0.0	0.0	0.0	0.0	0.0	-0.132	0.0	0.0	0.0	0.0	
3.0	0.0	0.0	0.0	0.0	4.0	-0.214	0.0	0.0	0.0	0.0	
4.0	0.0	0.0	0.0	0.0	0.0	-0.135	0.0	0.0	0.0	0.0	
5.0	0.0	0.0	0.0	0.0	0.0	-0.038	0.0	0.0	0.0	0.0	
6.0	0.0	0.0	0.0	0.0	0.0	0.0	1.0	0.0	0.0	0.0	
7.0	0.0	0.0	0.0	0.0	4.0	0.018	0.0	0.0	0.0	0.0	
8.0	0.0	0.0	0.0	0.0	0.0	0.038	0.0	0.0	0.0	0.0	
9.0	0.0	0.0	0.0	0.0	0.0	0.044	0.0	0.0	0.0	0.0	
10.0	0.0	0.0	0.0	0.0	0.0	0.047	0.0	0.0	0.0	0.0	
11.0	0.0	0.0	0.0	0.0	4.0	0.044	0.0	0.0	0.0	0.0	
12.0	0.0	0.0	0.0	0.0	0.0	0.05	0.0	0.0	0.0	0.0	
13.0	0.0	0.0	0.0	0.0	0.0	0.056	0.0	0.0	0.0	0.0	
14.0	0.0	0.0	0.0	0.0	0.0	0.059	1.0	0.0	0.0	0.0	
15.0	0.0	0.0	0.0	0.0	4.0	0.059	0.0	0.0	0.0	0.0	
0.0	0.0	0.0	0.0	0.0	0.0	0.073	0.0	0.0	0.0	0.0	
1.0	0.0	0.0	0.0	0.0	0.0	0.085	0.0	0.0	0.0	0.0	
2.0	0.0	0.0	0.0	0.0	0.0	0.094	1.0	0.0	0.0	0.0	
3.0	0.0	0.0	0.0	0.0	2.0	0.105	0.0	0.0	0.0	0.0	
4.0	0.0	0.0	0.0	0.0	0.0	0.117	0.0	0.0	0.0	0.0	
5.0	0.0	0.0	0.0	0.0	0.0	0.123	0.0	0.0	0.0	0.0	
6.0	0.0	0.0	0.0	0.0	0.0	0.108	1.0	0.0	0.0	0.0	
7.0	0.0	0.0	0.0	0.0	4.0	0.094	0.0	0.0	0.0	0.0	
8.0	0.0	0.0	0.0	0.0	0.0	0.056	0.0	0.0	0.0	0.0	
9.0	0.0	0.0	0.0	0.0	0.0	0.012	0.0	0.0	0.0	0.0	
10.0	0.0	0.0	0.0	0.0	0.0	-0.029	0.0	0.0	0.0	0.0	
11.0	0.0	0.0	0.0	0.0	4.0	-0.053	0.0	0.0	0.0	0.0	
12.0	0.0	0.0	0.0	0.0	0.0	-0.067	0.0	0.0	0.0	0.0	
13.0	0.0	0.0	0.0	0.0	0.0	-0.082	0.0	0.0	0.0	0.0	
14.0	0.0	0.0	0.0	0.0	0.0	-0.082	0.0	0.0	0.0	0.0	
15.0	0.0	0.0	0.0	0.0	1.0	-0.073	0.0	0.0	0.0	0.0	
0.0	0.0	0.0	0.0	0.0	0.0	-0.073	0.0	0.0	0.0	0.0	
1.0	0.0	0.0	0.0	0.0	0.0	-0.07	0.0	0.0	0.0	0.0	
2.0	0.0	0.0	0.0	0.0	0.0	-0.064	0.0	0.0	0.0	0.0	
3.0	0.0	0.0	0.0	0.0	4.0	-0.053	0.0	0.0	0.0	0.0	
4.0	0.0	0.0	0.0	0.0	0.0	-0.059	0.0	0.0	0.0	0.0	
5.0	0.0	0.0	0.0	0.0	0.0	-0.067	0.0	0.0	0.0	0.0	
6.0	0.0	0.0	0.0	0.0	0.0	-0.062	0.0	0.0	0.0	0.0	
7.0	0.0	0.0	0.0	0.0	4.0	-0.059	0.0	0.0	0.0	0.0	
8.0	0.0	0.0	0.0	0.0	0.0	-0.056	0.0	0.0	0.0	0.0	
9.0	0.0	0.0	0.0	0.0	0.0	-0.05	0.0	0.0	0.0	0.0	
10.0	0.0	0.0	0.0	0.0	0.0	-0.044	0.0	0.0	0.0	0.0	
11.0	0.0	0.0	0.0	0.0	2.0	-0.047	0.0	0.0	0.0	0.0	
12.0	0.0	0.0	0.0	0.0	0.0	-0.041	0.0	0.0	0.0	0.0	
13.0	0.0	0.0	0.0	0.0	0.0	-0.047	0.0	0.0	0.0	0.0	
14.0	0.0	0.0	0.0	0.0	0.0	-0.041	0.0	0.0	0.0	0.0	
15.0	0.0	0.0	0.0	0.0	4.0	-0.044	0.0	0.0	0.0	0.0	
0.0	0.0	0.0	0.0	0.0	0.0	-0.05	0.0	0.0	0.0	0.0	
1.0	0.0	0.0	0.0	0.0	0.0	-0.059	0.0	0.0	0.0	0.0	
2.0	0.0	0.0	0.0	0.0	0.0	-0.056	0.0	0.0	0.0	0.0	
3.0	0.0	0.0	0.0	0.0	4.0	-0.047	0.0	0.0	0.0	0.0	
4.0	0.0	0.0	0.0	0.0	0.0	-0.041	0.0	0.0	0.0	0.0	
5.0	0.0	0.0	0.0	0.0	0.0	-0.053	0.0	0.0	0.0	0.0	
6.0	0.0	0.0	0.0	0.0	0.0	-0.056	0.0	0.0	0.0	0.0	
7.0	0.0	0.0	0.0	0.0	4.0	-0.059	0.0	0.0	0.0	0.0	
8.0	0.0	0.0	0.0	0.0	0.0	-0.059	0.0	0.0	0.0	0.0	
9.0	0.0	0.0	0.0	0.0	0.0	-0.059	0.0	0.0	0.0	0.0	
10.0	0.0	0.0	0.0	0.0	0.0	-0.053	0.0	0.0	0.0	0.0	
11.0	0.0	0.0	0.0	0.0	4.0	-0.038	0.0	0.0	0.0	0.0	
12.0	0.0	0.0	0.0	0.0	0.0	-0.021	0.0	0.0	0.0	0.0	
13.0	0.0	0.0	0.0	0.0	0.0	-0.012	0.0	0.0	0.0	0.0	
14.0	0.0	0.0	0.0	0.0	0.0	0.009	1.0	0.0	0.0	0.0	
15.0	0.0	0.0	0.0	0.0	2.0	0.015	0.0	0.0	0.0	0.0	
0.0	0.0	0.0	0.0	0.0	0.0	0.023	0.0	0.0	0.0	0.0	
1.0	0.0	0.0	0.0	0.0	0.0	0.021	0.0	0.0	0.0	0.0	
2.0	0.0	0.0	0.0	0.0	0.0	-0.012	1.0	0.0	0.0	0.0	
3.0	0.0	0.0	0.0	0.0	4.0	-0.032	0.0	0.0	0.0	0.0	
4.0	0.0	0.0	0.0	0.0	0.0	-0.029	0.0	0.0	0.0	0.0	
5.0	0.0	0.0	0.0	0.0	0.0	-0.021	0.0	0.0	0.0	0.0	
6.0	0.0	0.0	0.0	0.0	0.0	-0.009	1.0	0.0	0.0	0.0	
7.0	0.0	0.0	0.0	0.0	4.0	-0.006	0.0	0.0	0.0	0.0	
8.0	0.0	0.0	0.0	0.0	0.0	-0.012	0.0	0.0	0.0	0.0	
9.0	0.0	0.0	0.0	0.0	0.0	-0.015	0.0	0.0	0.0	0.0	
10.0	0.0	0.0	0.0	0.0	0.0	-0.021	0.0	0.0	0.0	0.0	
11.0	0.0	0.0	0.0	0.0	1.0	0.012	0.0	0.0	0.0	0.0	
12.0	0.0	0.0	0.0	0.0	0.0	0.199	0.0	0.0	0.0	0.0	
13.0	0.0	0.0	0.0	0.0	0.0	0.261	0.0	0.0	0.0	0.0	
14.0	0.0	0.0	0.0	0.0	0.0	0.088	1.0	0.0	0.0	0.0	
15.0	0.0	0.0	0.0	0.0	4.0	-0.19	0.0	0.0	0.0	0.0	
0.0	0.0	0.0	0.0	0.0	0.0	-0.202	0.0	0.0	0.0	0.0	
1.0	0.0	0.0	0.0	0.0	0.0	-0.129	0.0	0.0	0.0	0.0	
2.0	0.0	0.0	0.0	0.0	0.0	-0.053	0.0	0.0	0.0	0.0	
3.0	0.0	0.0	0.0	0.0	4.0	-0.012	0.0	0.0	0.0	0.0	
4.0	0.0	0.0	0.0	0.0	0.0	-0.003	0.0	0.0	0.0	0.0	
5.0	0.0	0.0	0.0	0.0	0.0	0.009	0.0	0.0	0.0	0.0	
6.0	0.0	0.0	0.0	0.0	0.0	0.009	0.0	0.0	0.0	0.0	
7.0	0.0	0.0	0.0	0.0	4.0	0.015	0.0	0.0	0.0	0.0	
8.0	0.0	0.0	0.0	0.0	0.0	0.021	0.0	0.0	0.0	0.0	
9.0	0.0	0.0	0.0	0.0	0.0	0.032	0.0	0.0	0.0	0.0	
10.0	0.0	0.0	0.0	0.0	0.0	0.047	1.0	0.0	0.0	0.0	
11.0	0.0	0.0	0.0	0.0	4.0	0.05	0.0	0.0	0.0	0.0	
12.0	0.0	0.0	0.0	0.0	0.0	0.059	0.0	0.0	0.0	0.0	
13.0	0.0	0.0	0.0	0.0	0.0	0.079	0.0	0.0	0.0	0.0	
14.0	0.0	0.0	0.0	0.0	0.0	0.085	1.0	0.0	0.0	0.0	
15.0	0.0	0.0	0.0	0.0	4.0	0.103	0.0	0.0	0.0	0.0	
0.0	0.0	0.0	0.0	0.0	0.0	0.111	0.0	0.0	0.0	0.0	
1.0	0.0	0.0	0.0	0.0	0.0	0.108	0.0	0.0	0.0	0.0	
2.0	0.0	0.0	0.0	0.0	0.0	0.1	1.0	0.0	0.0	0.0	
3.0	0.0	0.0	0.0	0.0	4.0	0.094	0.0	0.0	0.0	0.0	
4.0	0.0	0.0	0.0	0.0	0.0	0.079	0.0	0.0	0.0	0.0	
5.0	0.0	0.0	0.0	0.0	0.0	0.05	0.0	0.0	0.0	0.0	
6.0	0.0	0.0	0.0	0.0	0.0	0.018	1.0	0.0	0.0	0.0	
7.0	0.0	0.0	0.0	0.0	4.0	-0.003	0.0	0.0	0.0	0.0	
8.0	0.0	0.0	0.0	0.0	0.0	-0.032	0.0	0.0	0.0	0.0	
9.0	0.0	0.0	0.0	0.0	0.0	-0.038	0.0	0.0	0.0	0.0	
10.0	0.0	0.0	0.0	0.0	0.0	-0.047	1.0	0.0	0.0	0.0	
11.0	0.0	0.0	0.0	0.0	2.0	-0.035	0.0	0.0	0.0	0.0	
12.0	0.0	0.0	0.0	0.0	0.0	-0.038	0.0	0.0	0.0	0.0	
13.0	0.0	0.0	0.0	0.0	0.0	-0.026	0.0	0.0	0.0	0.0	
14.0	0.0	0.0	0.0	0.0	0.0	-0.015	1.0	0.0	0.0	0.0	
15.0	0.0	0.0	0.0	0.0	4.0	0.0	0.0	0.0	0.0	0.0	
0.0	0.0	0.0	0.0	0.0	0.0	0.0	0.0	0.0	0.0	0.0	
1.0	0.0	0.0	0.0	0.0	0.0	-0.003	0.0	0.0	0.0	0.0	
2.0	0.0	0.0	0.0	0.0	0.0	0.012	1.0	0.0	0.0	0.0	
3.0	0.0	0.0	0.0	0.0	4.0	0.018	0.0	0.0	0.0	0.0	
4.0	0.0	0.0	0.0	0.0	0.0	0.012	0.0	0.0	0.0	0.0	
5.0	0.0	0.0	0.0	0.0	0.0	0.006	0.0	0.0	0.0	0.0	
6.0	0.0	0.0	0.0	0.0	0.0	0.003	0.0	0.0	0.0	0.0	
7.0	0.0	0.0	0.0	0.0	1.0	0.006	0.0	0.0	0.0	0.0	
8.0	0.0	0.0	0.0	0.0	0.0	0.012	0.0	0.0	0.0	0.0	
9.0	0.0	0.0	0.0	0.0	0.0	0.012	0.0	0.0	0.0	0.0	
10.0	0.0	0.0	0.0	0.0	0.0	0.012	1.0	0.0	0.0	0.0	
11.0	0.0	0.0	0.0	0.0	4.0	0.015	0.0	0.0	0.0	0.0	
12.0	0.0	0.0	0.0	0.0	0.0	0.021	0.0	0.0	0.0	0.0	
13.0	0.0	0.0	0.0	0.0	0.0	0.023	0.0	0.0	0.0	0.0	
14.0	0.0	0.0	0.0	0.0	0.0	0.023	1.0	0.0	0.0	0.0	
15.0	0.0	0.0	0.0	0.0	4.0	0.023	0.0	0.0	0.0	0.0	
0.0	0.0	0.0	0.0	0.0	0.0	0.0	0.0	0.0	0.0	0.0	
1.0	0.0	0.0	0.0	0.0	0.0	-0.003	0.0	0.0	0.0	0.0	
2.0	0.0	0.0	0.0	0.0	0.0	-0.009	0.0	0.0	0.0	0.0	
3.0	0.0	0.0	0.0	0.0	4.0	-0.021	0.0	0.0	0.0	0.0	
4.0	0.0	0.0	0.0	0.0	0.0	-0.012	0.0	0.0	0.0	0.0	
5.0	0.0	0.0	0.0	0.0	0.0	-0.012	0.0	0.0	0.0	0.0	
6.0	0.0	0.0	0.0	0.0	0.0	-0.035	0.0	0.0	0.0	0.0	
7.0	0.0	0.0	0.0	0.0	4.0	-0.015	0.0	0.0	0.0	0.0	
8.0	0.0	0.0	0.0	0.0	0.0	0.003	0.0	0.0	0.0	0.0	
9.0	0.0	0.0	0.0	0.0	0.0	0.021	0.0	0.0	0.0	0.0	
10.0	0.0	0.0	0.0	0.0	0.0	0.041	1.0	0.0	0.0	0.0	
11.0	0.0	0.0	0.0	0.0	4.0	0.035	0.0	0.0	0.0	0.0	
12.0	0.0	0.0	0.0	0.0	0.0	0.053	0.0	0.0	0.0	0.0	
13.0	0.0	0.0	0.0	0.0	0.0	0.041	0.0	0.0	0.0	0.0	
14.0	0.0	0.0	0.0	0.0	0.0	0.015	1.0	0.0	0.0	0.0	
15.0	0.0	0.0	0.0	0.0	4.0	-0.021	0.0	0.0	0.0	0.0	
0.0	0.0	0.0	0.0	0.0	0.0	-0.023	0.0	0.0	0.0	0.0	
1.0	0.0	0.0	0.0	0.0	0.0	-0.032	0.0	0.0	0.0	0.0	
2.0	0.0	0.0	0.0	0.0	0.0	-0.059	0.0	0.0	0.0	0.0	
3.0	0.0	0.0	0.0	0.0	4.0	-0.062	0.0	0.0	0.0	0.0	
4.0	0.0	0.0	0.0	0.0	0.0	-0.059	0.0	0.0	0.0	0.0	
5.0	0.0	0.0	0.0	0.0	0.0	-0.062	0.0	0.0	0.0	0.0	
6.0	0.0	0.0	0.0	0.0	0.0	-0.064	0.0	0.0	0.0	0.0	
7.0	0.0	0.0	0.0	0.0	2.0	-0.088	0.0	0.0	0.0	0.0	
8.0	0.0	0.0	0.0	0.0	0.0	0.021	0.0	0.0	0.0	0.0	
9.0	0.0	0.0	0.0	0.0	0.0	0.182	0.0	0.0	0.0	0.0	
10.0	0.0	0.0	0.0	0.0	0.0	0.126	1.0	0.0	0.0	0.0	
11.0	0.0	0.0	0.0	0.0	4.0	-0.144	0.0	0.0	0.0	0.0	
12.0	0.0	0.0	0.0	0.0	0.0	-0.313	0.0	0.0	0.0	0.0	
13.0	0.0	0.0	0.0	0.0	0.0	-0.261	0.0	0.0	0.0	0.0	
14.0	0.0	0.0	0.0	0.0	0.0	-0.188	0.0	0.0	0.0	0.0	
15.0	0.0	0.0	0.0	0.0	4.0	-0.129	0.0	0.0	0.0	0.0	
0.0	0.0	0.0	0.0	0.0	0.0	-0.105	0.0	0.0	0.0	0.0	
1.0	0.0	0.0	0.0	0.0	0.0	-0.091	0.0	0.0	0.0	0.0	
2.0	0.0	0.0	0.0	0.0	0.0	-0.079	0.0	0.0	0.0	0.0	
3.0	0.0	0.0	0.0	0.0	1.0	-0.062	0.0	0.0	0.0	0.0	
4.0	0.0	0.0	0.0	0.0	0.0	-0.05	0.0	0.0	0.0	0.0	
5.0	0.0	0.0	0.0	0.0	0.0	-0.038	0.0	0.0	0.0	0.0	
6.0	0.0	0.0	0.0	0.0	0.0	-0.026	0.0	0.0	0.0	0.0	
7.0	0.0	0.0	0.0	0.0	4.0	-0.023	0.0	0.0	0.0	0.0	
8.0	0.0	0.0	0.0	0.0	0.0	-0.009	0.0	0.0	0.0	0.0	
9.0	0.0	0.0	0.0	0.0	0.0	0.015	0.0	0.0	0.0	0.0	
10.0	0.0	0.0	0.0	0.0	0.0	0.038	1.0	0.0	0.0	0.0	
11.0	0.0	0.0	0.0	0.0	4.0	0.041	0.0	0.0	0.0	0.0	
12.0	0.0	0.0	0.0	0.0	0.0	0.062	0.0	0.0	0.0	0.0	
13.0	0.0	0.0	0.0	0.0	0.0	0.073	0.0	0.0	0.0	0.0	
14.0	0.0	0.0	0.0	0.0	0.0	0.091	0.0	0.0	0.0	0.0	
15.0	0.0	0.0	0.0	0.0	4.0	0.082	0.0	0.0	0.0	0.0	
0.0	0.0	0.0	0.0	0.0	0.0	0.064	0.0	0.0	0.0	0.0	
1.0	0.0	0.0	0.0	0.0	0.0	0.041	0.0	0.0	0.0	0.0	
2.0	0.0	0.0	0.0	0.0	0.0	0.003	0.0	0.0	0.0	0.0	
3.0	0.0	0.0	0.0	0.0	4.0	-0.021	0.0	0.0	0.0	0.0	
4.0	0.0	0.0	0.0	0.0	0.0	-0.038	0.0	0.0	0.0	0.0	
5.0	0.0	0.0	0.0	0.0	0.0	-0.044	0.0	0.0	0.0	0.0	
6.0	0.0	0.0	0.0	0.0	0.0	-0.05	0.0	0.0	0.0	0.0	
7.0	0.0	0.0	0.0	0.0	1.0	-0.059	0.0	0.0	0.0	0.0	
8.0	0.0	0.0	0.0	0.0	0.0	-0.056	0.0	0.0	0.0	0.0	
9.0	0.0	0.0	0.0	0.0	0.0	-0.07	0.0	0.0	0.0	0.0	
10.0	0.0	0.0	0.0	0.0	0.0	-0.059	0.0	0.0	0.0	0.0	
11.0	0.0	0.0	0.0	0.0	4.0	-0.062	0.0	0.0	0.0	0.0	
12.0	0.0	0.0	0.0	0.0	0.0	-0.059	0.0	0.0	0.0	0.0	
13.0	0.0	0.0	0.0	0.0	0.0	-0.05	0.0	0.0	0.0	0.0	
14.0	0.0	0.0	0.0	0.0	0.0	-0.041	0.0	0.0	0.0	0.0	
15.0	0.0	0.0	0.0	0.0	4.0	-0.032	0.0	0.0	0.0	0.0	
0.0	0.0	0.0	0.0	0.0	0.0	-0.026	0.0	0.0	0.0	0.0	
1.0	0.0	0.0	0.0	0.0	0.0	-0.026	0.0	0.0	0.0	0.0	
2.0	0.0	0.0	0.0	0.0	0.0	-0.021	0.0	0.0	0.0	0.0	
3.0	0.0	0.0	0.0	0.0	2.0	-0.026	0.0	0.0	0.0	0.0	
4.0	0.0	0.0	0.0	0.0	0.0	-0.021	0.0	0.0	0.0	0.0	
5.0	0.0	0.0	0.0	0.0	0.0	-0.021	0.0	0.0	0.0	0.0	
6.0	0.0	0.0	0.0	0.0	0.0	-0.009	0.0	0.0	0.0	0.0	
7.0	0.0	0.0	0.0	0.0	4.0	-0.012	0.0	0.0	0.0	0.0	
8.0	0.0	0.0	0.0	0.0	0.0	-0.015	0.0	0.0	0.0	0.0	
9.0	0.0	0.0	0.0	0.0	0.0	-0.015	0.0	0.0	0.0	0.0	
10.0	0.0	0.0	0.0	0.0	0.0	-0.009	0.0	0.0	0.0	0.0	
11.0	0.0	0.0	0.0	0.0	4.0	0.003	0.0	0.0	0.0	0.0	
12.0	0.0	0.0	0.0	0.0	0.0	-0.003	0.0	0.0	0.0	0.0	
13.0	0.0	0.0	0.0	0.0	0.0	-0.003	0.0	0.0	0.0	0.0	
14.0	0.0	0.0	0.0	0.0	0.0	0.0	0.0	0.0	0.0	0.0	
15.0	0.0	0.0	0.0	0.0	4.0	0.009	0.0	0.0	0.0	0.0	
0.0	0.0	0.0	0.0	0.0	0.0	0.0	0.0	0.0	0.0	0.0	
1.0	0.0	0.0	0.0	0.0	0.0	0.009	0.0	0.0	0.0	0.0	
2.0	0.0	0.0	0.0	0.0	0.0	0.023	0.0	0.0	0.0	0.0	
3.0	0.0	0.0	0.0	0.0	4.0	0.032	0.0	0.0	0.0	0.0	
4.0	0.0	0.0	0.0	0.0	0.0	0.029	0.0	0.0	0.0	0.0	
5.0	0.0	0.0	0.0	0.0	0.0	0.038	0.0	0.0	0.0	0.0	
6.0	0.0	0.0	0.0	0.0	0.0	0.029	1.0	0.0	0.0	0.0	
7.0	0.0	0.0	0.0	0.0	4.0	0.009	0.0	0.0	0.0	0.0	
8.0	0.0	0.0	0.0	0.0	0.0	-0.032	0.0	0.0	0.0	0.0	
9.0	0.0	0.0	0.0	0.0	0.0	-0.053	0.0	0.0	0.0	0.0	
10.0	0.0	0.0	0.0	0.0	0.0	-0.062	0.0	0.0	0.0	0.0	
11.0	0.0	0.0	0.0	0.0	4.0	-0.059	0.0	0.0	0.0	0.0	
12.0	0.0	0.0	0.0	0.0	0.0	-0.05	0.0	0.0	0.0	0.0	
13.0	0.0	0.0	0.0	0.0	0.0	-0.038	0.0	0.0	0.0	0.0	
14.0	0.0	0.0	0.0	0.0	0.0	-0.038	0.0	0.0	0.0	0.0	
15.0	0.0	0.0	0.0	0.0	4.0	-0.032	0.0	0.0	0.0	0.0	
0.0	0.0	0.0	0.0	0.0	0.0	-0.059	0.0	0.0	0.0	0.0	
1.0	0.0	0.0	0.0	0.0	0.0	0.07	0.0	0.0	0.0	0.0	
2.0	0.0	0.0	0.0	0.0	0.0	0.252	1.0	0.0	0.0	0.0	
3.0	0.0	0.0	0.0	0.0	1.0	0.234	0.0	0.0	0.0	0.0	
4.0	0.0	0.0	0.0	0.0	0.0	-0.018	0.0	0.0	0.0	0.0	
5.0	0.0	0.0	0.0	0.0	0.0	-0.211	0.0	0.0	0.0	0.0	
6.0	0.0	0.0	0.0	0.0	0.0	-0.182	0.0	0.0	0.0	0.0	
7.0	0.0	0.0	0.0	0.0	4.0	-0.126	0.0	0.0	0.0	0.0	
8.0	0.0	0.0	0.0	0.0	0.0	-0.073	0.0	0.0	0.0	0.0	
9.0	0.0	0.0	0.0	0.0	0.0	-0.059	0.0	0.0	0.0	0.0	
10.0	0.0	0.0	0.0	0.0	0.0	-0.053	0.0	0.0	0.0	0.0	
11.0	0.0	0.0	0.0	0.0	4.0	-0.047	0.0	0.0	0.0	0.0	
12.0	0.0	0.0	0.0	0.0	0.0	-0.015	0.0	0.0	0.0	0.0	
13.0	0.0	0.0	0.0	0.0	0.0	-0.003	0.0	0.0	0.0	0.0	
14.0	0.0	0.0	0.0	0.0	0.0	-0.009	0.0	0.0	0.0	0.0	
15.0	0.0	0.0	0.0	0.0	2.0	0.0	0.0	0.0	0.0	0.0	
0.0	0.0	0.0	0.0	0.0	0.0	0.003	0.0	0.0	0.0	0.0	
1.0	0.0	0.0	0.0	0.0	0.0	-0.006	0.0	0.0	0.0	0.0	
2.0	0.0	0.0	0.0	0.0	0.0	0.0	0.0	0.0	0.0	0.0	
3.0	0.0	0.0	0.0	0.0	4.0	0.003	0.0	0.0	0.0	0.0	
4.0	0.0	0.0	0.0	0.0	0.0	0.015	0.0	0.0	0.0	0.0	
5.0	0.0	0.0	0.0	0.0	0.0	0.021	0.0	0.0	0.0	0.0	
6.0	0.0	0.0	0.0	0.0	0.0	0.026	0.0	0.0	0.0	0.0	
7.0	0.0	0.0	0.0	0.0	4.0	0.009	0.0	0.0	0.0	0.0	
8.0	0.0	0.0	0.0	0.0	0.0	0.006	0.0	0.0	0.0	0.0	
9.0	0.0	0.0	0.0	0.0	0.0	-0.021	0.0	0.0	0.0	0.0	
10.0	0.0	0.0	0.0	0.0	0.0	-0.041	0.0	0.0	0.0	0.0	
11.0	0.0	0.0	0.0	0.0	4.0	-0.064	0.0	0.0	0.0	0.0	
12.0	0.0	0.0	0.0	0.0	0.0	-0.079	0.0	0.0	0.0	0.0	
13.0	0.0	0.0	0.0	0.0	0.0	-0.1	0.0	0.0	0.0	0.0	
14.0	0.0	0.0	0.0	0.0	0.0	-0.105	0.0	0.0	0.0	0.0	
15.0	0.0	0.0	0.0	0.0	4.0	-0.094	0.0	0.0	0.0	0.0	
0.0	0.0	0.0	0.0	0.0	0.0	-0.07	0.0	0.0	0.0	0.0	
1.0	0.0	0.0	0.0	0.0	0.0	-0.067	0.0	0.0	0.0	0.0	
2.0	0.0	0.0	0.0	0.0	0.0	-0.056	0.0	0.0	0.0	0.0	
3.0	0.0	0.0	0.0	0.0	4.0	-0.05	0.0	0.0	0.0	0.0	
4.0	0.0	0.0	0.0	0.0	0.0	-0.044	0.0	0.0	0.0	0.0	
5.0	0.0	0.0	0.0	0.0	0.0	-0.038	0.0	0.0	0.0	0.0	
6.0	0.0	0.0	0.0	0.0	0.0	-0.023	0.0	0.0	0.0	0.0	
7.0	0.0	0.0	0.0	0.0	4.0	-0.023	0.0	0.0	0.0	0.0	
8.0	0.0	0.0	0.0	0.0	0.0	-0.021	0.0	0.0	0.0	0.0	
9.0	0.0	0.0	0.0	0.0	0.0	-0.006	0.0	0.0	0.0	0.0	
10.0	0.0	0.0	0.0	0.0	0.0	-0.009	0.0	0.0	0.0	0.0	
11.0	0.0	0.0	0.0	0.0	4.0	0.003	0.0	0.0	0.0	0.0	
12.0	0.0	0.0	0.0	0.0	0.0	0.003	0.0	0.0	0.0	0.0	
13.0	0.0	0.0	0.0	0.0	0.0	0.0	0.0	0.0	0.0	0.0	
14.0	0.0	0.0	0.0	0.0	0.0	0.0	0.0	0.0	0.0	0.0	
15.0	0.0	0.0	0.0	0.0	1.0	-0.003	0.0	0.0	0.0	0.0	
0.0	0.0	0.0	0.0	0.0	0.0	0.003	0.0	0.0	0.0	0.0	
1.0	0.0	0.0	0.0	0.0	0.0	0.006	0.0	0.0	0.0	0.0	
2.0	0.0	0.0	0.0	0.0	0.0	0.015	1.0	0.0	0.0	0.0	
3.0	0.0	0.0	0.0	0.0	4.0	0.026	0.0	0.0	0.0	0.0	
4.0	0.0	0.0	0.0	0.0	0.0	0.038	0.0	0.0	0.0	0.0	
5.0	0.0	0.0	0.0	0.0	0.0	0.044	0.0	0.0	0.0	0.0	
6.0	0.0	0.0	0.0	0.0	0.0	0.035	1.0	0.0	0.0	0.0	
7.0	0.0	0.0	0.0	0.0	4.0	0.032	0.0	0.0	0.0	0.0	
8.0	0.0	0.0	0.0	0.0	0.0	0.041	0.0	0.0	0.0	0.0	
9.0	0.0	0.0	0.0	0.0	0.0	0.038	0.0	0.0	0.0	0.0	
10.0	0.0	0.0	0.0	0.0	0.0	0.05	0.0	0.0	0.0	0.0	
11.0	0.0	0.0	0.0	0.0	2.0	0.053	0.0	0.0	0.0	0.0	
12.0	0.0	0.0	0.0	0.0	0.0	0.067	0.0	0.0	0.0	0.0	
13.0	0.0	0.0	0.0	0.0	0.0	0.05	0.0	0.0	0.0	0.0	
14.0	0.0	0.0	0.0	0.0	0.0	0.012	0.0	0.0	0.0	0.0	
15.0	0.0	0.0	0.0	0.0	4.0	-0.012	0.0	0.0	0.0	0.0	
0.0	0.0	0.0	0.0	0.0	0.0	-0.009	0.0	0.0	0.0	0.0	
1.0	0.0	0.0	0.0	0.0	0.0	-0.015	0.0	0.0	0.0	0.0	
2.0	0.0	0.0	0.0	0.0	0.0	-0.015	0.0	0.0	0.0	0.0	
3.0	0.0	0.0	0.0	0.0	4.0	-0.015	0.0	0.0	0.0	0.0	
4.0	0.0	0.0	0.0	0.0	0.0	-0.021	0.0	0.0	0.0	0.0	
5.0	0.0	0.0	0.0	0.0	0.0	-0.006	0.0	0.0	0.0	0.0	
6.0	0.0	0.0	0.0	0.0	0.0	-0.012	0.0	0.0	0.0	0.0	
7.0	0.0	0.0	0.0	0.0	4.0	0.029	0.0	0.0	0.0	0.0	
8.0	0.0	0.0	0.0	0.0	0.0	0.237	0.0	0.0	0.0	0.0	
9.0	0.0	0.0	0.0	0.0	0.0	0.305	0.0	0.0	0.0	0.0	
10.0	0.0	0.0	0.0	0.0	0.0	0.111	1.0	0.0	0.0	0.0	
11.0	0.0	0.0	0.0	0.0	4.0	-0.161	0.0	0.0	0.0	0.0	
12.0	0.0	0.0	0.0	0.0	0.0	-0.17	0.0	0.0	0.0	0.0	
13.0	0.0	0.0	0.0	0.0	0.0	-0.108	0.0	0.0	0.0	0.0	
14.0	0.0	0.0	0.0	0.0	0.0	-0.053	0.0	0.0	0.0	0.0	
15.0	0.0	0.0	0.0	0.0	2.0	-0.032	0.0	0.0	0.0	0.0	
0.0	0.0	0.0	0.0	0.0	0.0	-0.023	0.0	0.0	0.0	0.0	
1.0	0.0	0.0	0.0	0.0	0.0	-0.012	0.0	0.0	0.0	0.0	
2.0	0.0	0.0	0.0	0.0	0.0	-0.015	0.0	0.0	0.0	0.0	
3.0	0.0	0.0	0.0	0.0	4.0	-0.009	0.0	0.0	0.0	0.0	
4.0	0.0	0.0	0.0	0.0	0.0	0.003	0.0	0.0	0.0	0.0	
5.0	0.0	0.0	0.0	0.0	0.0	0.012	0.0	0.0	0.0	0.0	
6.0	0.0	0.0	0.0	0.0	0.0	0.021	0.0	0.0	0.0	0.0	
7.0	0.0	0.0	0.0	0.0	4.0	0.035	0.0	0.0	0.0	0.0	
8.0	0.0	0.0	0.0	0.0	0.0	0.038	0.0	0.0	0.0	0.0	
9.0	0.0	0.0	0.0	0.0	0.0	0.056	0.0	0.0	0.0	0.0	
10.0	0.0	0.0	0.0	0.0	0.0	0.062	0.0	0.0	0.0	0.0	
11.0	0.0	0.0	0.0	0.0	1.0	0.064	0.0	0.0	0.0	0.0	
12.0	0.0	0.0	0.0	0.0	0.0	0.07	0.0	0.0	0.0	0.0	
13.0	0.0	0.0	0.0	0.0	0.0	0.059	0.0	0.0	0.0	0.0	
14.0	0.0	0.0	0.0	0.0	0.0	0.064	1.0	0.0	0.0	0.0	
15.0	0.0	0.0	0.0	0.0	4.0	0.056	0.0	0.0	0.0	0.0	
0.0	0.0	0.0	0.0	0.0	0.0	0.044	0.0	0.0	0.0	0.0	
1.0	0.0	0.0	0.0	0.0	0.0	0.018	0.0	0.0	0.0	0.0	
2.0	0.0	0.0	0.0	0.0	0.0	-0.023	0.0	0.0	0.0	0.0	
3.0	0.0	0.0	0.0	0.0	4.0	-0.05	0.0	0.0	0.0	0.0	
4.0	0.0	0.0	0.0	0.0	0.0	-0.062	0.0	0.0	0.0	0.0	
5.0	0.0	0.0	0.0	0.0	0.0	-0.064	0.0	0.0	0.0	0.0	
6.0	0.0	0.0	0.0	0.0	0.0	-0.056	0.0	0.0	0.0	0.0	
7.0	0.0	0.0	0.0	0.0	2.0	-0.038	0.0	0.0	0.0	0.0	
8.0	0.0	0.0	0.0	0.0	0.0	-0.023	0.0	0.0	0.0	0.0	
9.0	0.0	0.0	0.0	0.0	0.0	-0.012	0.0	0.0	0.0	0.0	
10.0	0.0	0.0	0.0	0.0	0.0	0.006	0.0	0.0	0.0	0.0	
11.0	0.0	0.0	0.0	0.0	4.0	0.009	0.0	0.0	0.0	0.0	
12.0	0.0	0.0	0.0	0.0	0.0	0.009	0.0	0.0	0.0	0.0	
13.0	0.0	0.0	0.0	0.0	0.0	0.003	0.0	0.0	0.0	0.0	
14.0	0.0	0.0	0.0	0.0	0.0	0.006	0.0	0.0	0.0	0.0	
15.0	0.0	0.0	0.0	0.0	4.0	-0.009	0.0	0.0	0.0	0.0	
0.0	0.0	0.0	0.0	0.0	0.0	0.012	0.0	0.0	0.0	0.0	
1.0	0.0	0.0	0.0	0.0	0.0	0.003	0.0	0.0	0.0	0.0	
2.0	0.0	0.0	0.0	0.0	0.0	0.006	0.0	0.0	0.0	0.0	
3.0	0.0	0.0	0.0	0.0	4.0	0.003	0.0	0.0	0.0	0.0	
4.0	0.0	0.0	0.0	0.0	0.0	0.009	0.0	0.0	0.0	0.0	
5.0	0.0	0.0	0.0	0.0	0.0	0.015	0.0	0.0	0.0	0.0	
6.0	0.0	0.0	0.0	0.0	0.0	0.009	0.0	0.0	0.0	0.0	
7.0	0.0	0.0	0.0	0.0	4.0	0.015	0.0	0.0	0.0	0.0	
8.0	0.0	0.0	0.0	0.0	0.0	0.015	0.0	0.0	0.0	0.0	
9.0	0.0	0.0	0.0	0.0	0.0	0.018	0.0	0.0	0.0	0.0	
10.0	0.0	0.0	0.0	0.0	0.0	0.021	0.0	0.0	0.0	0.0	
11.0	0.0	0.0	0.0	0.0	2.0	0.018	0.0	0.0	0.0	0.0	
12.0	0.0	0.0	0.0	0.0	0.0	0.032	0.0	0.0	0.0	0.0	
13.0	0.0	0.0	0.0	0.0	0.0	0.044	0.0	0.0	0.0	0.0	
14.0	0.0	0.0	0.0	0.0	0.0	0.05	1.0	0.0	0.0	0.0	
15.0	0.0	0.0	0.0	0.0	4.0	0.056	0.0	0.0	0.0	0.0	
0.0	0.0	0.0	0.0	0.0	0.0	0.059	0.0	0.0	0.0	0.0	
1.0	0.0	0.0	0.0	0.0	0.0	0.067	0.0	0.0	0.0	0.0	
2.0	0.0	0.0	0.0	0.0	0.0	0.076	1.0	0.0	0.0	0.0	
3.0	0.0	0.0	0.0	0.0	4.0	0.056	0.0	0.0	0.0	0.0	
4.0	0.0	0.0	0.0	0.0	0.0	0.021	0.0	0.0	0.0	0.0	
5.0	0.0	0.0	0.0	0.0	0.0	0.009	0.0	0.0	0.0	0.0	
6.0	0.0	0.0	0.0	0.0	0.0	0.003	0.0	0.0	0.0	0.0	
7.0	0.0	0.0	0.0	0.0	1.0	0.003	0.0	0.0	0.0	0.0	
8.0	0.0	0.0	0.0	0.0	0.0	-0.003	0.0	0.0	0.0	0.0	
9.0	0.0	0.0	0.0	0.0	0.0	-0.006	0.0	0.0	0.0	0.0	
10.0	0.0	0.0	0.0	0.0	0.0	-0.003	0.0	0.0	0.0	0.0	
11.0	0.0	0.0	0.0	0.0	4.0	-0.021	0.0	0.0	0.0	0.0	
12.0	0.0	0.0	0.0	0.0	0.0	0.018	0.0	0.0	0.0	0.0	
13.0	0.0	0.0	0.0	0.0	0.0	0.205	0.0	0.0	0.0	0.0	
14.0	0.0	0.0	0.0	0.0	0.0	0.313	1.0	0.0	0.0	0.0	
15.0	0.0	0.0	0.0	0.0	4.0	0.176	0.0	0.0	0.0	0.0	
0.0	0.0	0.0	0.0	0.0	0.0	-0.105	0.0	0.0	0.0	0.0	
1.0	0.0	0.0	0.0	0.0	0.0	-0.152	0.0	0.0	0.0	0.0	
2.0	0.0	0.0	0.0	0.0	0.0	-0.085	0.0	0.0	0.0	0.0	
3.0	0.0	0.0	0.0	0.0	4.0	-0.023	0.0	0.0	0.0	0.0	
4.0	0.0	0.0	0.0	0.0	0.0	0.009	0.0	0.0	0.0	0.0	
5.0	0.0	0.0	0.0	0.0	0.0	0.009	0.0	0.0	0.0	0.0	
6.0	0.0	0.0	0.0	0.0	0.0	0.003	0.0	0.0	0.0	0.0	
7.0	0.0	0.0	0.0	0.0	4.0	-0.006	0.0	0.0	0.0	0.0	
8.0	0.0	0.0	0.0	0.0	0.0	-0.021	0.0	0.0	0.0	0.0	
9.0	0.0	0.0	0.0	0.0	0.0	-0.021	0.0	0.0	0.0	0.0	
10.0	0.0	0.0	0.0	0.0	0.0	-0.009	0.0	0.0	0.0	0.0	
11.0	0.0	0.0	0.0	0.0	4.0	0.006	0.0	0.0	0.0	0.0	
12.0	0.0	0.0	0.0	0.0	0.0	0.018	0.0	0.0	0.0	0.0	
13.0	0.0	0.0	0.0	0.0	0.0	0.021	0.0	0.0	0.0	0.0	
14.0	0.0	0.0	0.0	0.0	0.0	0.029	0.0	0.0	0.0	0.0	
15.0	0.0	0.0	0.0	0.0	4.0	0.023	0.0	0.0	0.0	0.0	
0.0	0.0	0.0	0.0	0.0	0.0	0.032	0.0	0.0	0.0	0.0	
1.0	0.0	0.0	0.0	0.0	0.0	0.032	0.0	0.0	0.0	0.0	
2.0	0.0	0.0	0.0	0.0	0.0	0.038	1.0	0.0	0.0	0.0	
3.0	0.0	0.0	0.0	0.0	4.0	0.032	0.0	0.0	0.0	0.0	
4.0	0.0	0.0	0.0	0.0	0.0	0.026	0.0	0.0	0.0	0.0	
5.0	0.0	0.0	0.0	0.0	0.0	0.006	0.0	0.0	0.0	0.0	
6.0	0.0	0.0	0.0	0.0	0.0	-0.029	0.0	0.0	0.0	0.0	
7.0	0.0	0.0	0.0	0.0	2.0	-0.067	0.0	0.0	0.0	0.0	
8.0	0.0	0.0	0.0	0.0	0.0	-0.094	0.0	0.0	0.0	0.0	
9.0	0.0	0.0	0.0	0.0	0.0	-0.117	0.0	0.0	0.0	0.0	
10.0	0.0	0.0	0.0	0.0	0.0	-0.108	0.0	0.0	0.0	0.0	
11.0	0.0	0.0	0.0	0.0	4.0	-0.097	0.0	0.0	0.0	0.0	
12.0	0.0	0.0	0.0	0.0	0.0	-0.082	0.0	0.0	0.0	0.0	
13.0	0.0	0.0	0.0	0.0	0.0	-0.073	0.0	0.0	0.0	0.0	
14.0	0.0	0.0	0.0	0.0	0.0	-0.067	0.0	0.0	0.0	0.0	
15.0	0.0	0.0	0.0	0.0	4.0	-0.07	0.0	0.0	0.0	0.0	
0.0	0.0	0.0	0.0	0.0	0.0	-0.062	0.0	0.0	0.0	0.0	
1.0	0.0	0.0	0.0	0.0	0.0	-0.064	0.0	0.0	0.0	0.0	
2.0	0.0	0.0	0.0	0.0	0.0	-0.056	0.0	0.0	0.0	0.0	
3.0	0.0	0.0	0.0	0.0	1.0	-0.044	0.0	0.0	0.0	0.0	
4.0	0.0	0.0	0.0	0.0	0.0	-0.044	0.0	0.0	0.0	0.0	
5.0	0.0	0.0	0.0	0.0	0.0	-0.038	0.0	0.0	0.0	0.0	
6.0	0.0	0.0	0.0	0.0	0.0	-0.038	0.0	0.0	0.0	0.0	
7.0	0.0	0.0	0.0	0.0	4.0	-0.038	0.0	0.0	0.0	0.0	
8.0	0.0	0.0	0.0	0.0	0.0	-0.038	0.0	0.0	0.0	0.0	
9.0	0.0	0.0	0.0	0.0	0.0	-0.038	0.0	0.0	0.0	0.0	
10.0	0.0	0.0	0.0	0.0	0.0	-0.056	0.0	0.0	0.0	0.0	
11.0	0.0	0.0	0.0	0.0	4.0	-0.05	0.0	0.0	0.0	0.0	
12.0	0.0	0.0	0.0	0.0	0.0	-0.044	0.0	0.0	0.0	0.0	
13.0	0.0	0.0	0.0	0.0	0.0	-0.032	0.0	0.0	0.0	0.0	
14.0	0.0	0.0	0.0	0.0	0.0	-0.029	0.0	0.0	0.0	0.0	
15.0	0.0	0.0	0.0	0.0	4.0	-0.021	0.0	0.0	0.0	0.0	
0.0	0.0	0.0	0.0	0.0	0.0	-0.018	0.0	0.0	0.0	0.0	
1.0	0.0	0.0	0.0	0.0	0.0	-0.018	0.0	0.0	0.0	0.0	
2.0	0.0	0.0	0.0	0.0	0.0	-0.023	0.0	0.0	0.0	0.0	
3.0	0.0	0.0	0.0	0.0	4.0	-0.023	0.0	0.0	0.0	0.0	
4.0	0.0	0.0	0.0	0.0	0.0	-0.009	0.0	0.0	0.0	0.0	
5.0	0.0	0.0	0.0	0.0	0.0	-0.009	0.0	0.0	0.0	0.0	
6.0	0.0	0.0	0.0	0.0	0.0	-0.006	0.0	0.0	0.0	0.0	
7.0	0.0	0.0	0.0	0.0	4.0	0.003	0.0	0.0	0.0	0.0	
8.0	0.0	0.0	0.0	0.0	0.0	-0.006	0.0	0.0	0.0	0.0	
9.0	0.0	0.0	0.0	0.0	0.0	-0.041	0.0	0.0	0.0	0.0	
10.0	0.0	0.0	0.0	0.0	0.0	-0.085	0.0	0.0	0.0	0.0	
11.0	0.0	0.0	0.0	0.0	4.0	-0.097	0.0	0.0	0.0	0.0	
12.0	0.0	0.0	0.0	0.0	0.0	-0.094	0.0	0.0	0.0	0.0	
13.0	0.0	0.0	0.0	0.0	0.0	-0.097	0.0	0.0	0.0	0.0	
14.0	0.0	0.0	0.0	0.0	0.0	-0.105	0.0	0.0	0.0	0.0	
15.0	0.0	0.0	0.0	0.0	4.0	-0.097	0.0	0.0	0.0	0.0	
0.0	0.0	0.0	0.0	0.0	0.0	-0.094	0.0	0.0	0.0	0.0	
1.0	0.0	0.0	0.0	0.0	0.0	-0.088	0.0	0.0	0.0	0.0	
2.0	0.0	0.0	0.0	0.0	0.0	-0.085	0.0	0.0	0.0	0.0	
3.0	0.0	0.0	0.0	0.0	2.0	-0.018	0.0	0.0	0.0	0.0	
4.0	0.0	0.0	0.0	0.0	0.0	0.167	0.0	0.0	0.0	0.0	
5.0	0.0	0.0	0.0	0.0	0.0	0.199	0.0	0.0	0.0	0.0	
6.0	0.0	0.0	0.0	0.0	0.0	-0.015	0.0	0.0	0.0	0.0	
7.0	0.0	0.0	0.0	0.0	4.0	-0.281	0.0	0.0	0.0	0.0	
8.0	0.0	0.0	0.0	0.0	0.0	-0.264	0.0	0.0	0.0	0.0	
9.0	0.0	0.0	0.0	0.0	0.0	-0.185	0.0	0.0	0.0	0.0	
10.0	0.0	0.0	0.0	0.0	0.0	-0.114	0.0	0.0	0.0	0.0	
11.0	0.0	0.0	0.0	0.0	4.0	-0.088	0.0	0.0	0.0	0.0	
12.0	0.0	0.0	0.0	0.0	0.0	-0.076	0.0	0.0	0.0	0.0	
13.0	0.0	0.0	0.0	0.0	0.0	-0.076	0.0	0.0	0.0	0.0	
14.0	0.0	0.0	0.0	0.0	0.0	-0.07	0.0	0.0	0.0	0.0	
15.0	0.0	0.0	0.0	0.0	1.0	-0.07	0.0	0.0	0.0	0.0	
0.0	0.0	0.0	0.0	0.0	0.0	-0.064	0.0	0.0	0.0	0.0	
1.0	0.0	0.0	0.0	0.0	0.0	-0.05	0.0	0.0	0.0	0.0	
2.0	0.0	0.0	0.0	0.0	0.0	-0.035	0.0	0.0	0.0	0.0	
3.0	0.0	0.0	0.0	0.0	4.0	-0.041	0.0	0.0	0.0	0.0	
4.0	0.0	0.0	0.0	0.0	0.0	-0.021	0.0	0.0	0.0	0.0	
5.0	0.0	0.0	0.0	0.0	0.0	-0.006	0.0	0.0	0.0	0.0	
6.0	0.0	0.0	0.0	0.0	0.0	0.012	0.0	0.0	0.0	0.0	
7.0	0.0	0.0	0.0	0.0	4.0	0.032	0.0	0.0	0.0	0.0	
8.0	0.0	0.0	0.0	0.0	0.0	0.035	0.0	0.0	0.0	0.0	
9.0	0.0	0.0	0.0	0.0	0.0	0.044	0.0	0.0	0.0	0.0	
10.0	0.0	0.0	0.0	0.0	0.0	0.041	0.0	0.0	0.0	0.0	
11.0	0.0	0.0	0.0	0.0	4.0	0.023	0.0	0.0	0.0	0.0	
12.0	0.0	0.0	0.0	0.0	0.0	0.009	0.0	0.0	0.0	0.0	
13.0	0.0	0.0	0.0	0.0	0.0	-0.023	0.0	0.0	0.0	0.0	
14.0	0.0	0.0	0.0	0.0	0.0	-0.05	0.0	0.0	0.0	0.0	
15.0	0.0	0.0	0.0	0.0	4.0	-0.073	0.0	0.0	0.0	0.0	
0.0	0.0	0.0	0.0	0.0	0.0	-0.085	0.0	0.0	0.0	0.0	
1.0	0.0	0.0	0.0	0.0	0.0	-0.094	0.0	0.0	0.0	0.0	
2.0	0.0	0.0	0.0	0.0	0.0	-0.091	0.0	0.0	0.0	0.0	
3.0	0.0	0.0	0.0	0.0	1.0	-0.079	0.0	0.0	0.0	0.0	
4.0	0.0	0.0	0.0	0.0	0.0	-0.073	0.0	0.0	0.0	0.0	
5.0	0.0	0.0	0.0	0.0	0.0	-0.067	0.0	0.0	0.0	0.0	
6.0	0.0	0.0	0.0	0.0	0.0	-0.062	0.0	0.0	0.0	0.0	
7.0	0.0	0.0	0.0	0.0	4.0	-0.053	0.0	0.0	0.0	0.0	
8.0	0.0	0.0	0.0	0.0	0.0	-0.035	0.0	0.0	0.0	0.0	
9.0	0.0	0.0	0.0	0.0	0.0	-0.032	0.0	0.0	0.0	0.0	
10.0	0.0	0.0	0.0	0.0	0.0	-0.023	0.0	0.0	0.0	0.0	
11.0	0.0	0.0	0.0	0.0	4.0	-0.009	0.0	0.0	0.0	0.0	
12.0	0.0	0.0	0.0	0.0	0.0	0.003	0.0	0.0	0.0	0.0	
13.0	0.0	0.0	0.0	0.0	0.0	0.009	0.0	0.0	0.0	0.0	
14.0	0.0	0.0	0.0	0.0	0.0	0.021	0.0	0.0	0.0	0.0	
15.0	0.0	0.0	0.0	0.0	2.0	0.021	0.0	0.0	0.0	0.0	
0.0	0.0	0.0	0.0	0.0	0.0	0.026	0.0	0.0	0.0	0.0	
1.0	0.0	0.0	0.0	0.0	0.0	0.021	0.0	0.0	0.0	0.0	
2.0	0.0	0.0	0.0	0.0	0.0	0.035	0.0	0.0	0.0	0.0	
3.0	0.0	0.0	0.0	0.0	4.0	0.032	0.0	0.0	0.0	0.0	
4.0	0.0	0.0	0.0	0.0	0.0	0.041	0.0	0.0	0.0	0.0	
5.0	0.0	0.0	0.0	0.0	0.0	0.038	0.0	0.0	0.0	0.0	
6.0	0.0	0.0	0.0	0.0	1.0	0.044	0.0	0.0	0.0	0.0	
7.0	0.0	0.0	0.0	0.0	4.0	0.038	0.0	0.0	0.0	0.0	
8.0	0.0	0.0	0.0	0.0	0.0	0.059	0.0	0.0	0.0	0.0	
9.0	0.0	0.0	0.0	0.0	0.0	0.082	0.0	0.0	0.0	0.0	
10.0	0.0	0.0	0.0	0.0	0.0	0.091	0.0	0.0	0.0	0.0	
11.0	0.0	0.0	0.0	0.0	4.0	0.094	0.0	0.0	0.0	0.0	
12.0	0.0	0.0	0.0	0.0	0.0	0.103	0.0	0.0	0.0	0.0	
13.0	0.0	0.0	0.0	0.0	0.0	0.114	0.0	0.0	0.0	0.0	
14.0	0.0	0.0	0.0	0.0	0.0	0.144	1.0	0.0	0.0	0.0	
15.0	0.0	0.0	0.0	0.0	4.0	0.132	0.0	0.0	0.0	0.0	
0.0	0.0	0.0	0.0	0.0	0.0	0.103	0.0	0.0	0.0	0.0	
1.0	0.0	0.0	0.0	0.0	0.0	0.091	0.0	0.0	0.0	0.0	
2.0	0.0	0.0	0.0	0.0	0.0	0.108	1.0	0.0	0.0	0.0	
3.0	0.0	0.0	0.0	0.0	4.0	0.111	0.0	0.0	0.0	0.0	
4.0	0.0	0.0	0.0	0.0	0.0	0.105	0.0	0.0	0.0	0.0	
5.0	0.0	0.0	0.0	0.0	0.0	0.123	0.0	0.0	0.0	0.0	
6.0	0.0	0.0	0.0	0.0	0.0	0.132	1.0	0.0	0.0	0.0	
7.0	0.0	0.0	0.0	0.0	4.0	0.144	0.0	0.0	0.0	0.0	
8.0	0.0	0.0	0.0	0.0	0.0	0.149	0.0	0.0	0.0	0.0	
9.0	0.0	0.0	0.0	0.0	0.0	0.164	0.0	0.0	0.0	0.0	
10.0	0.0	0.0	0.0	0.0	0.0	0.372	1.0	0.0	0.0	0.0	
11.0	0.0	0.0	0.0	0.0	4.0	0.519	1.0	0.0	0.0	0.0	
12.0	0.0	0.0	0.0	0.0	0.0	0.41	0.0	0.0	0.0	0.0	
13.0	0.0	0.0	0.0	0.0	0.0	0.141	0.0	0.0	0.0	0.0	
14.0	0.0	0.0	0.0	0.0	0.0	0.079	1.0	0.0	0.0	0.0	
15.0	0.0	0.0	0.0	0.0	1.0	0.173	0.0	0.0	0.0	0.0	
0.0	0.0	0.0	0.0	0.0	0.0	0.27	0.0	0.0	0.0	0.0	
1.0	0.0	0.0	0.0	0.0	0.0	0.313	0.0	0.0	0.0	0.0	
2.0	0.0	0.0	0.0	0.0	0.0	0.328	1.0	0.0	0.0	0.0	
3.0	0.0	0.0	0.0	0.0	4.0	0.328	0.0	0.0	0.0	0.0	
4.0	0.0	0.0	0.0	0.0	0.0	0.34	0.0	0.0	0.0	0.0	
5.0	0.0	0.0	0.0	0.0	0.0	0.349	0.0	0.0	0.0	0.0	
6.0	0.0	0.0	0.0	0.0	0.0	0.354	1.0	0.0	0.0	0.0	
7.0	0.0	0.0	0.0	0.0	4.0	0.369	0.0	0.0	0.0	0.0	
8.0	0.0	0.0	0.0	0.0	0.0	0.384	0.0	0.0	0.0	0.0	
9.0	0.0	0.0	0.0	0.0	0.0	0.401	0.0	0.0	0.0	0.0	
10.0	0.0	0.0	0.0	0.0	0.0	0.416	1.0	0.0	0.0	0.0	
11.0	0.0	0.0	0.0	0.0	2.0	0.428	0.0	0.0	0.0	0.0	
12.0	0.0	0.0	0.0	0.0	0.0	0.434	0.0	0.0	0.0	0.0	
13.0	0.0	0.0	0.0	0.0	0.0	0.448	0.0	0.0	0.0	0.0	
14.0	0.0	0.0	0.0	0.0	0.0	0.445	1.0	0.0	0.0	0.0	
15.0	0.0	0.0	0.0	0.0	4.0	0.431	0.0	0.0	0.0	0.0	
0.0	0.0	0.0	0.0	0.0	0.0	0.428	0.0	0.0	0.0	0.0	
1.0	0.0	0.0	0.0	0.0	0.0	0.396	0.0	0.0	0.0	0.0	
2.0	0.0	0.0	0.0	0.0	0.0	0.363	1.0	0.0	0.0	0.0	
3.0	0.0	0.0	0.0	0.0	4.0	0.328	0.0	0.0	0.0	0.0	
4.0	0.0	0.0	0.0	0.0	0.0	0.287	0.0	0.0	0.0	0.0	
5.0	0.0	0.0	0.0	0.0	0.0	0.249	0.0	0.0	0.0	0.0	
6.0	0.0	0.0	0.0	0.0	0.0	0.226	0.0	0.0	0.0	0.0	
7.0	0.0	0.0	0.0	0.0	4.0	0.208	0.0	0.0	0.0	0.0	
8.0	0.0	0.0	0.0	0.0	0.0	0.193	0.0	0.0	0.0	0.0	
9.0	0.0	0.0	0.0	0.0	0.0	0.196	0.0	0.0	0.0	0.0	
10.0	0.0	0.0	0.0	0.0	0.0	0.193	1.0	0.0	0.0	0.0	
11.0	0.0	0.0	0.0	0.0	4.0	0.188	0.0	0.0	0.0	0.0	
12.0	0.0	0.0	0.0	0.0	0.0	0.185	0.0	0.0	0.0	0.0	
13.0	0.0	0.0	0.0	0.0	0.0	0.185	0.0	0.0	0.0	0.0	
14.0	0.0	0.0	0.0	0.0	0.0	0.185	1.0	0.0	0.0	0.0	
15.0	0.0	0.0	0.0	0.0	4.0	0.19	0.0	0.0	0.0	0.0	
0.0	0.0	0.0	0.0	0.0	0.0	0.202	0.0	0.0	0.0	0.0	
1.0	0.0	0.0	0.0	0.0	0.0	0.196	0.0	0.0	0.0	0.0	
2.0	0.0	0.0	0.0	0.0	0.0	0.179	1.0	0.0	0.0	0.0	
3.0	0.0	0.0	0.0	0.0	4.0	0.176	0.0	0.0	0.0	0.0	
4.0	0.0	0.0	0.0	0.0	0.0	0.161	0.0	0.0	0.0	0.0	
5.0	0.0	0.0	0.0	0.0	0.0	0.141	0.0	0.0	0.0	0.0	
6.0	0.0	0.0	0.0	0.0	0.0	0.144	1.0	0.0	0.0	0.0	
7.0	0.0	0.0	0.0	0.0	4.0	0.144	0.0	0.0	0.0	0.0	
8.0	0.0	0.0	0.0	0.0	0.0	0.129	0.0	0.0	0.0	0.0	
9.0	0.0	0.0	0.0	0.0	0.0	0.111	0.0	0.0	0.0	0.0	
10.0	0.0	0.0	0.0	0.0	0.0	0.108	1.0	0.0	0.0	0.0	
11.0	0.0	0.0	0.0	0.0	1.0	0.1	0.0	0.0	0.0	0.0	
12.0	0.0	0.0	0.0	0.0	0.0	0.103	0.0	0.0	0.0	0.0	
13.0	0.0	0.0	0.0	0.0	0.0	0.091	0.0	0.0	0.0	0.0	
14.0	0.0	0.0	0.0	0.0	0.0	0.082	0.0	0.0	0.0	0.0	
15.0	0.0	0.0	0.0	0.0	4.0	0.079	0.0	0.0	0.0	0.0	
0.0	0.0	0.0	0.0	0.0	0.0	0.076	0.0	0.0	0.0	0.0	
1.0	0.0	0.0	0.0	0.0	0.0	0.091	0.0	0.0	0.0	0.0	
2.0	0.0	0.0	0.0	0.0	0.0	0.094	1.0	0.0	0.0	0.0	
3.0	0.0	0.0	0.0	0.0	4.0	0.088	0.0	0.0	0.0	0.0	
4.0	0.0	0.0	0.0	0.0	0.0	0.088	0.0	0.0	0.0	0.0	
5.0	0.0	0.0	0.0	0.0	0.0	0.062	0.0	0.0	0.0	0.0	
6.0	0.0	0.0	0.0	0.0	0.0	0.026	0.0	0.0	0.0	0.0	
7.0	0.0	0.0	0.0	0.0	2.0	-0.003	0.0	0.0	0.0	0.0	
8.0	0.0	0.0	0.0	0.0	0.0	0.009	0.0	0.0	0.0	0.0	
9.0	0.0	0.0	0.0	0.0	0.0	0.006	0.0	0.0	0.0	0.0	
10.0	0.0	0.0	0.0	0.0	0.0	0.0	0.0	0.0	0.0	0.0	
11.0	0.0	0.0	0.0	0.0	4.0	-0.012	0.0	0.0	0.0	0.0	
12.0	0.0	0.0	0.0	0.0	0.0	-0.018	0.0	0.0	0.0	0.0	
13.0	0.0	0.0	0.0	0.0	0.0	-0.018	0.0	0.0	0.0	0.0	
14.0	0.0	0.0	0.0	0.0	0.0	-0.035	0.0	0.0	0.0	0.0	
15.0	0.0	0.0	0.0	0.0	4.0	-0.035	0.0	0.0	0.0	0.0	
0.0	0.0	0.0	0.0	0.0	0.0	0.123	0.0	0.0	0.0	0.0	
1.0	0.0	0.0	0.0	0.0	0.0	0.293	0.0	0.0	0.0	0.0	
2.0	0.0	0.0	0.0	0.0	0.0	0.185	0.0	0.0	0.0	0.0	
3.0	0.0	0.0	0.0	0.0	4.0	-0.123	0.0	0.0	0.0	0.0	
4.0	0.0	0.0	0.0	0.0	0.0	-0.249	0.0	0.0	0.0	0.0	
5.0	0.0	0.0	0.0	0.0	0.0	-0.179	0.0	0.0	0.0	0.0	
6.0	0.0	0.0	0.0	0.0	0.0	-0.108	0.0	0.0	0.0	0.0	
7.0	0.0	0.0	0.0	0.0	4.0	-0.064	0.0	0.0	0.0	0.0	
8.0	0.0	0.0	0.0	0.0	0.0	-0.047	0.0	0.0	0.0	0.0	
9.0	0.0	0.0	0.0	0.0	0.0	-0.047	0.0	0.0	0.0	0.0	
10.0	0.0	0.0	0.0	0.0	0.0	-0.047	0.0	0.0	0.0	0.0	
11.0	0.0	0.0	0.0	0.0	2.0	-0.05	0.0	0.0	0.0	0.0	
12.0	0.0	0.0	0.0	0.0	0.0	-0.064	0.0	0.0	0.0	0.0	
13.0	0.0	0.0	0.0	0.0	0.0	-0.059	0.0	0.0	0.0	0.0	
14.0	0.0	0.0	0.0	0.0	0.0	-0.067	0.0	0.0	0.0	0.0	
15.0	0.0	0.0	0.0	0.0	4.0	-0.067	0.0	0.0	0.0	0.0	
0.0	0.0	0.0	0.0	0.0	0.0	-0.062	0.0	0.0	0.0	0.0	
1.0	0.0	0.0	0.0	0.0	0.0	-0.059	0.0	0.0	0.0	0.0	
2.0	0.0	0.0	0.0	0.0	0.0	-0.041	0.0	0.0	0.0	0.0	
3.0	0.0	0.0	0.0	0.0	4.0	-0.026	0.0	0.0	0.0	0.0	
4.0	0.0	0.0	0.0	0.0	0.0	-0.023	0.0	0.0	0.0	0.0	
5.0	0.0	0.0	0.0	0.0	0.0	-0.021	0.0	0.0	0.0	0.0	
6.0	0.0	0.0	0.0	0.0	0.0	-0.029	0.0	0.0	0.0	0.0	
7.0	0.0	0.0	0.0	0.0	1.0	-0.038	0.0	0.0	0.0	0.0	
8.0	0.0	0.0	0.0	0.0	0.0	-0.062	0.0	0.0	0.0	0.0	
9.0	0.0	0.0	0.0	0.0	0.0	-0.094	0.0	0.0	0.0	0.0	
10.0	0.0	0.0	0.0	0.0	0.0	-0.132	0.0	0.0	0.0	0.0	
11.0	0.0	0.0	0.0	0.0	4.0	-0.179	0.0	0.0	0.0	0.0	
12.0	0.0	0.0	0.0	0.0	0.0	-0.205	0.0	0.0	0.0	0.0	
13.0	0.0	0.0	0.0	0.0	0.0	-0.226	0.0	0.0	0.0	0.0	
14.0	0.0	0.0	0.0	0.0	0.0	-0.229	0.0	0.0	0.0	0.0	
15.0	0.0	0.0	0.0	0.0	4.0	-0.22	0.0	0.0	0.0	0.0	
0.0	0.0	0.0	0.0	0.0	0.0	-0.202	0.0	0.0	0.0	0.0	
1.0	0.0	0.0	0.0	0.0	0.0	-0.202	0.0	0.0	0.0	0.0	
2.0	0.0	0.0	0.0	0.0	0.0	-0.185	0.0	0.0	0.0	0.0	
3.0	0.0	0.0	0.0	0.0	4.0	-0.167	0.0	0.0	0.0	0.0	
4.0	0.0	0.0	0.0	0.0	0.0	-0.152	0.0	0.0	0.0	0.0	
5.0	0.0	0.0	0.0	0.0	0.0	-0.138	0.0	0.0	0.0	0.0	
6.0	0.0	0.0	0.0	0.0	0.0	-0.129	0.0	0.0	0.0	0.0	
7.0	0.0	0.0	0.0	0.0	4.0	-0.135	0.0	0.0	0.0	0.0	
8.0	0.0	0.0	0.0	0.0	0.0	-0.138	0.0	0.0	0.0	0.0	
9.0	0.0	0.0	0.0	0.0	0.0	-0.138	0.0	0.0	0.0	0.0	
10.0	0.0	0.0	0.0	0.0	0.0	-0.146	0.0	0.0	0.0	0.0	
11.0	0.0	0.0	0.0	0.0	4.0	-0.158	0.0	0.0	0.0	0.0	
12.0	0.0	0.0	0.0	0.0	0.0	-0.158	0.0	0.0	0.0	0.0	
13.0	0.0	0.0	0.0	0.0	0.0	-0.17	0.0	0.0	0.0	0.0	
14.0	0.0	0.0	0.0	0.0	0.0	-0.164	0.0	0.0	0.0	0.0	
15.0	0.0	0.0	0.0	0.0	4.0	-0.167	0.0	0.0	0.0	0.0	
0.0	0.0	0.0	0.0	0.0	0.0	-0.173	0.0	0.0	0.0	0.0	
1.0	0.0	0.0	0.0	0.0	0.0	-0.17	0.0	0.0	0.0	0.0	
2.0	0.0	0.0	0.0	0.0	0.0	-0.167	0.0	0.0	0.0	0.0	
3.0	0.0	0.0	0.0	0.0	4.0	-0.146	0.0	0.0	0.0	0.0	
4.0	0.0	0.0	0.0	0.0	0.0	-0.141	0.0	0.0	0.0	0.0	
5.0	0.0	0.0	0.0	0.0	0.0	-0.123	0.0	0.0	0.0	0.0	
6.0	0.0	0.0	0.0	0.0	0.0	-0.111	0.0	0.0	0.0	0.0	
7.0	0.0	0.0	0.0	0.0	2.0	-0.1	0.0	0.0	0.0	0.0	
8.0	0.0	0.0	0.0	0.0	0.0	-0.108	0.0	0.0	0.0	0.0	
9.0	0.0	0.0	0.0	0.0	0.0	-0.108	0.0	0.0	0.0	0.0	
10.0	0.0	0.0	0.0	0.0	0.0	-0.141	0.0	0.0	0.0	0.0	
11.0	0.0	0.0	0.0	0.0	4.0	-0.176	0.0	0.0	0.0	0.0	
12.0	0.0	0.0	0.0	0.0	0.0	-0.202	0.0	0.0	0.0	0.0	
13.0	0.0	0.0	0.0	0.0	0.0	-0.205	0.0	0.0	0.0	0.0	
14.0	0.0	0.0	0.0	0.0	0.0	-0.217	0.0	0.0	0.0	0.0	
15.0	0.0	0.0	0.0	0.0	4.0	-0.234	0.0	0.0	0.0	0.0	
0.0	0.0	0.0	0.0	0.0	0.0	-0.255	0.0	0.0	0.0	0.0	
1.0	0.0	0.0	0.0	0.0	0.0	-0.272	0.0	0.0	0.0	0.0	
2.0	0.0	0.0	0.0	0.0	0.0	-0.261	0.0	0.0	0.0	0.0	
3.0	0.0	0.0	0.0	0.0	1.0	-0.27	0.0	0.0	0.0	0.0	
4.0	0.0	0.0	0.0	0.0	0.0	-0.27	0.0	0.0	0.0	0.0	
5.0	0.0	0.0	0.0	0.0	0.0	-0.179	0.0	0.0	0.0	0.0	
6.0	0.0	0.0	0.0	0.0	0.0	0.009	0.0	0.0	0.0	0.0	
7.0	0.0	0.0	0.0	0.0	4.0	0.021	0.0	0.0	0.0	0.0	
8.0	0.0	0.0	0.0	0.0	0.0	-0.243	0.0	0.0	0.0	0.0	
9.0	0.0	0.0	0.0	0.0	0.0	-0.498	0.0	0.0	0.0	0.0	
10.0	0.0	0.0	0.0	0.0	0.0	-0.48	0.0	0.0	0.0	0.0	
11.0	0.0	0.0	0.0	0.0	4.0	-0.422	0.0	0.0	0.0	0.0	
12.0	0.0	0.0	0.0	0.0	0.0	-0.357	0.0	0.0	0.0	0.0	
13.0	0.0	0.0	0.0	0.0	0.0	-0.349	0.0	0.0	0.0	0.0	
14.0	0.0	0.0	0.0	0.0	0.0	-0.352	0.0	0.0	0.0	0.0	
15.0	0.0	0.0	0.0	0.0	4.0	-0.334	0.0	0.0	0.0	0.0	
0.0	0.0	0.0	0.0	0.0	0.0	-0.328	0.0	0.0	0.0	0.0	
1.0	0.0	0.0	0.0	0.0	0.0	-0.337	0.0	0.0	0.0	0.0	
2.0	0.0	0.0	0.0	0.0	0.0	-0.319	0.0	0.0	0.0	0.0	
3.0	0.0	0.0	0.0	0.0	4.0	-0.316	0.0	0.0	0.0	0.0	
4.0	0.0	0.0	0.0	0.0	0.0	-0.308	0.0	0.0	0.0	0.0	
5.0	0.0	0.0	0.0	0.0	0.0	-0.308	0.0	0.0	0.0	0.0	
6.0	0.0	0.0	0.0	0.0	0.0	-0.296	0.0	0.0	0.0	0.0	
7.0	0.0	0.0	0.0	0.0	4.0	-0.308	0.0	0.0	0.0	0.0	
8.0	0.0	0.0	0.0	0.0	0.0	-0.293	0.0	0.0	0.0	0.0	
9.0	0.0	0.0	0.0	0.0	0.0	-0.278	0.0	0.0	0.0	0.0	
10.0	0.0	0.0	0.0	0.0	0.0	-0.261	0.0	0.0	0.0	0.0	
11.0	0.0	0.0	0.0	0.0	4.0	-0.29	0.0	0.0	0.0	0.0	
12.0	0.0	0.0	0.0	0.0	0.0	-0.293	0.0	0.0	0.0	0.0	
13.0	0.0	0.0	0.0	0.0	0.0	-0.299	0.0	0.0	0.0	0.0	
14.0	0.0	0.0	0.0	0.0	0.0	-0.319	0.0	0.0	0.0	0.0	
15.0	0.0	0.0	0.0	0.0	4.0	-0.366	0.0	0.0	0.0	0.0	
0.0	0.0	0.0	0.0	0.0	0.0	-0.393	0.0	0.0	0.0	0.0	
1.0	0.0	0.0	0.0	0.0	0.0	-0.425	0.0	0.0	0.0	0.0	
2.0	0.0	0.0	0.0	0.0	0.0	-0.451	0.0	0.0	0.0	0.0	
3.0	0.0	0.0	0.0	0.0	2.0	-0.454	0.0	0.0	0.0	0.0	
4.0	0.0	0.0	0.0	0.0	0.0	-0.419	0.0	0.0	0.0	0.0	
5.0	0.0	0.0	0.0	0.0	0.0	-0.422	0.0	0.0	0.0	0.0	
6.0	0.0	0.0	0.0	0.0	0.0	-0.398	0.0	0.0	0.0	0.0	
7.0	0.0	0.0	0.0	0.0	4.0	-0.381	0.0	0.0	0.0	0.0	
8.0	0.0	0.0	0.0	0.0	0.0	-0.372	0.0	0.0	0.0	0.0	
9.0	0.0	0.0	0.0	0.0	0.0	-0.384	0.0	0.0	0.0	0.0	
10.0	0.0	0.0	0.0	0.0	0.0	-0.357	0.0	0.0	0.0	0.0	
11.0	0.0	0.0	0.0	0.0	4.0	-0.354	0.0	0.0	0.0	0.0	
12.0	0.0	0.0	0.0	0.0	0.0	-0.334	0.0	0.0	0.0	0.0	
13.0	0.0	0.0	0.0	0.0	0.0	-0.334	0.0	0.0	0.0	0.0	
14.0	0.0	0.0	0.0	0.0	0.0	-0.319	0.0	0.0	0.0	0.0	
15.0	0.0	0.0	0.0	0.0	1.0	-0.302	0.0	0.0	0.0	0.0	
0.0	0.0	0.0	0.0	0.0	0.0	-0.293	0.0	0.0	0.0	0.0	
1.0	0.0	0.0	0.0	0.0	0.0	-0.287	0.0	0.0	0.0	0.0	
2.0	0.0	0.0	0.0	0.0	0.0	-0.284	0.0	0.0	0.0	0.0	
3.0	0.0	0.0	0.0	0.0	4.0	-0.258	0.0	0.0	0.0	0.0	
4.0	0.0	0.0	0.0	0.0	0.0	-0.234	0.0	0.0	0.0	0.0	
5.0	0.0	0.0	0.0	0.0	0.0	-0.22	0.0	0.0	0.0	0.0	
6.0	0.0	0.0	0.0	0.0	0.0	-0.208	0.0	0.0	0.0	0.0	
7.0	0.0	0.0	0.0	0.0	4.0	-0.199	0.0	0.0	0.0	0.0	
8.0	0.0	0.0	0.0	0.0	0.0	-0.196	0.0	0.0	0.0	0.0	
9.0	0.0	0.0	0.0	0.0	0.0	-0.179	0.0	0.0	0.0	0.0	
10.0	0.0	0.0	0.0	0.0	0.0	-0.179	0.0	0.0	0.0	0.0	
11.0	0.0	0.0	0.0	0.0	4.0	-0.179	0.0	0.0	0.0	0.0	
12.0	0.0	0.0	0.0	0.0	0.0	-0.182	0.0	0.0	0.0	0.0	
13.0	0.0	0.0	0.0	0.0	0.0	-0.179	0.0	0.0	0.0	0.0	
14.0	0.0	0.0	0.0	0.0	0.0	-0.188	0.0	0.0	0.0	0.0	
15.0	0.0	0.0	0.0	0.0	4.0	-0.176	0.0	0.0	0.0	0.0	
0.0	0.0	0.0	0.0	0.0	0.0	-0.217	0.0	0.0	0.0	0.0	
1.0	0.0	0.0	0.0	0.0	0.0	-0.22	0.0	0.0	0.0	0.0	
2.0	0.0	0.0	0.0	0.0	0.0	-0.237	0.0	0.0	0.0	0.0	
3.0	0.0	0.0	0.0	0.0	4.0	-0.234	0.0	0.0	0.0	0.0	
4.0	0.0	0.0	0.0	0.0	0.0	-0.223	0.0	0.0	0.0	0.0	
5.0	0.0	0.0	0.0	0.0	0.0	-0.22	0.0	0.0	0.0	0.0	
6.0	0.0	0.0	0.0	0.0	0.0	-0.226	0.0	0.0	0.0	0.0	
7.0	0.0	0.0	0.0	0.0	4.0	-0.243	0.0	0.0	0.0	0.0	
8.0	0.0	0.0	0.0	0.0	0.0	-0.231	0.0	0.0	0.0	0.0	
9.0	0.0	0.0	0.0	0.0	0.0	-0.196	0.0	0.0	0.0	0.0	
10.0	0.0	0.0	0.0	0.0	0.0	-0.021	0.0	0.0	0.0	0.0	
11.0	0.0	0.0	0.0	0.0	4.0	0.114	0.0	0.0	0.0	0.0	
12.0	0.0	0.0	0.0	0.0	0.0	-0.023	0.0	0.0	0.0	0.0	
13.0	0.0	0.0	0.0	0.0	0.0	-0.278	0.0	0.0	0.0	0.0	
14.0	0.0	0.0	0.0	0.0	0.0	-0.346	0.0	0.0	0.0	0.0	
15.0	0.0	0.0	0.0	0.0	2.0	-0.255	0.0	0.0	0.0	0.0	
0.0	0.0	0.0	0.0	0.0	0.0	-0.205	0.0	0.0	0.0	0.0	
1.0	0.0	0.0	0.0	0.0	0.0	-0.17	0.0	0.0	0.0	0.0	
2.0	0.0	0.0	0.0	0.0	0.0	-0.167	0.0	0.0	0.0	0.0	
3.0	0.0	0.0	0.0	0.0	4.0	-0.155	0.0	0.0	0.0	0.0	
4.0	0.0	0.0	0.0	0.0	0.0	-0.123	0.0	0.0	0.0	0.0	
5.0	0.0	0.0	0.0	0.0	0.0	-0.105	0.0	0.0	0.0	0.0	
6.0	0.0	0.0	0.0	0.0	0.0	-0.082	0.0	0.0	0.0	0.0	
7.0	0.0	0.0	0.0	0.0	4.0	-0.059	0.0	0.0	0.0	0.0	
8.0	0.0	0.0	0.0	0.0	0.0	-0.059	0.0	0.0	0.0	0.0	
9.0	0.0	0.0	0.0	0.0	0.0	-0.032	0.0	0.0	0.0	0.0	
10.0	0.0	0.0	0.0	0.0	0.0	-0.038	0.0	0.0	0.0	0.0	
11.0	0.0	0.0	0.0	0.0	2.0	-0.018	0.0	0.0	0.0	0.0	
12.0	0.0	0.0	0.0	0.0	0.0	0.015	0.0	0.0	0.0	0.0	
13.0	0.0	0.0	0.0	0.0	0.0	0.026	0.0	0.0	0.0	0.0	
14.0	0.0	0.0	0.0	0.0	0.0	0.044	1.0	0.0	0.0	0.0	
15.0	0.0	0.0	0.0	0.0	4.0	0.044	0.0	0.0	0.0	0.0	
0.0	0.0	0.0	0.0	0.0	0.0	0.053	0.0	0.0	0.0	0.0	
1.0	0.0	0.0	0.0	0.0	0.0	0.032	0.0	0.0	0.0	0.0	
2.0	0.0	0.0	0.0	0.0	0.0	0.029	0.0	0.0	0.0	0.0	
3.0	0.0	0.0	0.0	0.0	4.0	0.015	0.0	0.0	0.0	0.0	
4.0	0.0	0.0	0.0	0.0	0.0	-0.023	0.0	0.0	0.0	0.0	
5.0	0.0	0.0	0.0	0.0	0.0	-0.038	0.0	0.0	0.0	0.0	
6.0	0.0	0.0	0.0	0.0	0.0	-0.047	0.0	0.0	0.0	0.0	
7.0	0.0	0.0	0.0	0.0	4.0	-0.041	0.0	0.0	0.0	0.0	
8.0	0.0	0.0	0.0	0.0	0.0	-0.05	0.0	0.0	0.0	0.0	
9.0	0.0	0.0	0.0	0.0	0.0	-0.047	0.0	0.0	0.0	0.0	
10.0	0.0	0.0	0.0	0.0	0.0	-0.032	0.0	0.0	0.0	0.0	
11.0	0.0	0.0	0.0	0.0	4.0	-0.003	0.0	0.0	0.0	0.0	
12.0	0.0	0.0	0.0	0.0	0.0	0.018	0.0	0.0	0.0	0.0	
13.0	0.0	0.0	0.0	0.0	0.0	0.021	0.0	0.0	0.0	0.0	
14.0	0.0	0.0	0.0	0.0	0.0	0.029	0.0	0.0	0.0	0.0	
15.0	0.0	0.0	0.0	0.0	1.0	0.044	0.0	0.0	0.0	0.0	
0.0	0.0	0.0	0.0	0.0	0.0	0.053	0.0	0.0	0.0	0.0	
1.0	0.0	0.0	0.0	0.0	0.0	0.064	0.0	0.0	0.0	0.0	
2.0	0.0	0.0	0.0	0.0	0.0	0.07	1.0	0.0	0.0	0.0	
3.0	0.0	0.0	0.0	0.0	4.0	0.088	0.0	0.0	0.0	0.0	
4.0	0.0	0.0	0.0	0.0	0.0	0.1	0.0	0.0	0.0	0.0	
5.0	0.0	0.0	0.0	0.0	0.0	0.114	0.0	0.0	0.0	0.0	
6.0	0.0	0.0	0.0	0.0	0.0	0.105	1.0	0.0	0.0	0.0	
7.0	0.0	0.0	0.0	0.0	4.0	0.12	0.0	0.0	0.0	0.0	
8.0	0.0	0.0	0.0	0.0	0.0	0.12	0.0	0.0	0.0	0.0	
9.0	0.0	0.0	0.0	0.0	0.0	0.132	0.0	0.0	0.0	0.0	
10.0	0.0	0.0	0.0	0.0	0.0	0.129	0.0	0.0	0.0	0.0	
11.0	0.0	0.0	0.0	0.0	2.0	0.117	0.0	0.0	0.0	0.0	
12.0	0.0	0.0	0.0	0.0	0.0	0.123	0.0	0.0	0.0	0.0	
13.0	0.0	0.0	0.0	0.0	0.0	0.132	0.0	0.0	0.0	0.0	
14.0	0.0	0.0	0.0	0.0	0.0	0.149	1.0	0.0	0.0	0.0	
15.0	0.0	0.0	0.0	0.0	4.0	0.164	0.0	0.0	0.0	0.0	
0.0	0.0	0.0	0.0	0.0	0.0	0.182	0.0	0.0	0.0	0.0	
1.0	0.0	0.0	0.0	0.0	0.0	0.179	0.0	0.0	0.0	0.0	
2.0	0.0	0.0	0.0	0.0	0.0	0.152	1.0	0.0	0.0	0.0	
3.0	0.0	0.0	0.0	0.0	4.0	0.12	0.0	0.0	0.0	0.0	
4.0	0.0	0.0	0.0	0.0	0.0	0.103	0.0	0.0	0.0	0.0	
5.0	0.0	0.0	0.0	0.0	0.0	0.103	0.0	0.0	0.0	0.0	
6.0	0.0	0.0	0.0	0.0	0.0	0.111	0.0	0.0	0.0	0.0	
7.0	0.0	0.0	0.0	0.0	4.0	0.12	0.0	0.0	0.0	0.0	
8.0	0.0	0.0	0.0	0.0	0.0	0.126	0.0	0.0	0.0	0.0	
9.0	0.0	0.0	0.0	0.0	0.0	0.126	0.0	0.0	0.0	0.0	
10.0	0.0	0.0	0.0	0.0	0.0	0.123	1.0	0.0	0.0	0.0	
11.0	0.0	0.0	0.0	0.0	4.0	0.114	0.0	0.0	0.0	0.0	
12.0	0.0	0.0	0.0	0.0	0.0	0.182	0.0	0.0	0.0	0.0	
13.0	0.0	0.0	0.0	0.0	0.0	0.343	0.0	0.0	0.0	0.0	
14.0	0.0	0.0	0.0	0.0	0.0	0.372	1.0	0.0	0.0	0.0	
15.0	0.0	0.0	0.0	0.0	4.0	0.155	0.0	0.0	0.0	0.0	
0.0	0.0	0.0	0.0	0.0	0.0	-0.056	0.0	0.0	0.0	0.0	
1.0	0.0	0.0	0.0	0.0	0.0	-0.059	0.0	0.0	0.0	0.0	
2.0	0.0	0.0	0.0	0.0	0.0	-0.015	0.0	0.0	0.0	0.0	
3.0	0.0	0.0	0.0	0.0	4.0	0.026	0.0	0.0	0.0	0.0	
4.0	0.0	0.0	0.0	0.0	0.0	0.023	0.0	0.0	0.0	0.0	
5.0	0.0	0.0	0.0	0.0	0.0	0.029	0.0	0.0	0.0	0.0	
6.0	0.0	0.0	0.0	0.0	0.0	0.021	0.0	0.0	0.0	0.0	
7.0	0.0	0.0	0.0	0.0	4.0	0.044	0.0	0.0	0.0	0.0	
8.0	0.0	0.0	0.0	0.0	0.0	0.062	0.0	0.0	0.0	0.0	
9.0	0.0	0.0	0.0	0.0	0.0	0.073	0.0	0.0	0.0	0.0	
10.0	0.0	0.0	0.0	0.0	0.0	0.091	1.0	0.0	0.0	0.0	
11.0	0.0	0.0	0.0	0.0	1.0	0.105	0.0	0.0	0.0	0.0	
12.0	0.0	0.0	0.0	0.0	0.0	0.085	0.0	0.0	0.0	0.0	
13.0	0.0	0.0	0.0	0.0	0.0	0.094	0.0	0.0	0.0	0.0	
14.0	0.0	0.0	0.0	0.0	0.0	0.111	1.0	0.0	0.0	0.0	
15.0	0.0	0.0	0.0	0.0	4.0	0.126	0.0	0.0	0.0	0.0	
0.0	0.0	0.0	0.0	0.0	0.0	0.117	0.0	0.0	0.0	0.0	
1.0	0.0	0.0	0.0	0.0	0.0	0.1	0.0	0.0	0.0	0.0	
2.0	0.0	0.0	0.0	0.0	0.0	0.097	1.0	0.0	0.0	0.0	
3.0	0.0	0.0	0.0	0.0	4.0	0.094	0.0	0.0	0.0	0.0	
4.0	0.0	0.0	0.0	0.0	0.0	0.067	0.0	0.0	0.0	0.0	
5.0	0.0	0.0	0.0	0.0	0.0	0.044	0.0	0.0	0.0	0.0	
6.0	0.0	0.0	0.0	0.0	0.0	0.021	0.0	0.0	0.0	0.0	
7.0	0.0	0.0	0.0	0.0	2.0	-0.015	0.0	0.0	0.0	0.0	
8.0	0.0	0.0	0.0	0.0	0.0	-0.038	0.0	0.0	0.0	0.0	
9.0	0.0	0.0	0.0	0.0	0.0	-0.047	0.0	0.0	0.0	0.0	
10.0	0.0	0.0	0.0	0.0	0.0	-0.047	0.0	0.0	0.0	0.0	
11.0	0.0	0.0	0.0	0.0	4.0	-0.041	0.0	0.0	0.0	0.0	
12.0	0.0	0.0	0.0	0.0	0.0	-0.026	0.0	0.0	0.0	0.0	
13.0	0.0	0.0	0.0	0.0	0.0	-0.015	0.0	0.0	0.0	0.0	
14.0	0.0	0.0	0.0	0.0	0.0	-0.003	0.0	0.0	0.0	0.0	
15.0	0.0	0.0	0.0	0.0	4.0	0.009	0.0	0.0	0.0	0.0	
0.0	0.0	0.0	0.0	0.0	0.0	0.021	0.0	0.0	0.0	0.0	
1.0	0.0	0.0	0.0	0.0	0.0	0.021	0.0	0.0	0.0	0.0	
2.0	0.0	0.0	0.0	0.0	0.0	0.032	0.0	0.0	0.0	0.0	
3.0	0.0	0.0	0.0	0.0	4.0	0.023	0.0	0.0	0.0	0.0	
4.0	0.0	0.0	0.0	0.0	0.0	0.026	0.0	0.0	0.0	0.0	
5.0	0.0	0.0	0.0	0.0	0.0	0.035	0.0	0.0	0.0	0.0	
6.0	0.0	0.0	0.0	0.0	0.0	0.035	0.0	0.0	0.0	0.0	
7.0	0.0	0.0	0.0	0.0	4.0	0.032	0.0	0.0	0.0	0.0	
8.0	0.0	0.0	0.0	0.0	0.0	0.032	0.0	0.0	0.0	0.0	
9.0	0.0	0.0	0.0	0.0	0.0	0.021	0.0	0.0	0.0	0.0	
10.0	0.0	0.0	0.0	0.0	0.0	0.021	1.0	0.0	0.0	0.0	
11.0	0.0	0.0	0.0	0.0	4.0	0.015	0.0	0.0	0.0	0.0	
12.0	0.0	0.0	0.0	0.0	0.0	0.021	0.0	0.0	0.0	0.0	
13.0	0.0	0.0	0.0	0.0	0.0	0.026	0.0	0.0	0.0	0.0	
14.0	0.0	0.0	0.0	0.0	0.0	0.012	0.0	0.0	0.0	0.0	
15.0	0.0	0.0	0.0	0.0	4.0	0.023	0.0	0.0	0.0	0.0	
0.0	0.0	0.0	0.0	0.0	0.0	0.029	0.0	0.0	0.0	0.0	
1.0	0.0	0.0	0.0	0.0	0.0	0.038	0.0	0.0	0.0	0.0	
2.0	0.0	0.0	0.0	0.0	0.0	0.047	1.0	0.0	0.0	0.0	
3.0	0.0	0.0	0.0	0.0	4.0	0.041	0.0	0.0	0.0	0.0	
4.0	0.0	0.0	0.0	0.0	0.0	0.012	0.0	0.0	0.0	0.0	
5.0	0.0	0.0	0.0	0.0	0.0	-0.021	0.0	0.0	0.0	0.0	
6.0	0.0	0.0	0.0	0.0	0.0	-0.015	0.0	0.0	0.0	0.0	
7.0	0.0	0.0	0.0	0.0	1.0	-0.026	0.0	0.0	0.0	0.0	
8.0	0.0	0.0	0.0	0.0	0.0	-0.021	0.0	0.0	0.0	0.0	
9.0	0.0	0.0	0.0	0.0	0.0	-0.018	0.0	0.0	0.0	0.0	
10.0	0.0	0.0	0.0	0.0	0.0	-0.012	0.0	0.0	0.0	0.0	
11.0	0.0	0.0	0.0	0.0	4.0	-0.012	0.0	0.0	0.0	0.0	
12.0	0.0	0.0	0.0	0.0	0.0	-0.023	0.0	0.0	0.0	0.0	
13.0	0.0	0.0	0.0	0.0	0.0	-0.018	0.0	0.0	0.0	0.0	
14.0	0.0	0.0	0.0	0.0	0.0	0.05	1.0	0.0	0.0	0.0	
15.0	0.0	0.0	0.0	0.0	4.0	0.208	0.0	0.0	0.0	0.0	
0.0	0.0	0.0	0.0	0.0	0.0	0.237	0.0	0.0	0.0	0.0	
1.0	0.0	0.0	0.0	0.0	0.0	0.073	0.0	0.0	0.0	0.0	
2.0	0.0	0.0	0.0	0.0	0.0	-0.126	0.0	0.0	0.0	0.0	
3.0	0.0	0.0	0.0	0.0	2.0	-0.1	0.0	0.0	0.0	0.0	
4.0	0.0	0.0	0.0	0.0	0.0	-0.044	0.0	0.0	0.0	0.0	
5.0	0.0	0.0	0.0	0.0	0.0	0.026	0.0	0.0	0.0	0.0	
6.0	0.0	0.0	0.0	0.0	0.0	0.05	1.0	0.0	0.0	0.0	
7.0	0.0	0.0	0.0	0.0	4.0	0.067	0.0	0.0	0.0	0.0	
8.0	0.0	0.0	0.0	0.0	0.0	0.07	0.0	0.0	0.0	0.0	
9.0	0.0	0.0	0.0	0.0	0.0	0.073	0.0	0.0	0.0	0.0	
10.0	0.0	0.0	0.0	0.0	0.0	0.082	1.0	0.0	0.0	0.0	
11.0	0.0	0.0	0.0	0.0	4.0	0.091	0.0	0.0	0.0	0.0	
12.0	0.0	0.0	0.0	0.0	0.0	0.091	0.0	0.0	0.0	0.0	
13.0	0.0	0.0	0.0	0.0	0.0	0.085	0.0	0.0	0.0	0.0	
14.0	0.0	0.0	0.0	0.0	0.0	0.088	0.0	0.0	0.0	0.0	
15.0	0.0	0.0	0.0	0.0	4.0	0.085	0.0	0.0	0.0	0.0	
0.0	0.0	0.0	0.0	0.0	0.0	0.1	0.0	0.0	0.0	0.0	
1.0	0.0	0.0	0.0	0.0	0.0	0.108	0.0	0.0	0.0	0.0	
2.0	0.0	0.0	0.0	0.0	0.0	0.123	1.0	0.0	0.0	0.0	
3.0	0.0	0.0	0.0	0.0	4.0	0.129	0.0	0.0	0.0	0.0	
4.0	0.0	0.0	0.0	0.0	0.0	0.126	0.0	0.0	0.0	0.0	
5.0	0.0	0.0	0.0	0.0	0.0	0.108	0.0	0.0	0.0	0.0	
6.0	0.0	0.0	0.0	0.0	0.0	0.088	1.0	0.0	0.0	0.0	
7.0	0.0	0.0	0.0	0.0	2.0	0.047	0.0	0.0	0.0	0.0	
8.0	0.0	0.0	0.0	0.0	0.0	0.018	0.0	0.0	0.0	0.0	
9.0	0.0	0.0	0.0	0.0	0.0	-0.015	0.0	0.0	0.0	0.0	
10.0	0.0	0.0	0.0	0.0	0.0	-0.035	1.0	0.0	0.0	0.0	
11.0	0.0	0.0	0.0	0.0	4.0	-0.041	0.0	0.0	0.0	0.0	
12.0	0.0	0.0	0.0	0.0	0.0	-0.032	0.0	0.0	0.0	0.0	
13.0	0.0	0.0	0.0	0.0	0.0	-0.026	0.0	0.0	0.0	0.0	
14.0	0.0	0.0	0.0	0.0	0.0	-0.023	0.0	0.0	0.0	0.0	
15.0	0.0	0.0	0.0	0.0	4.0	-0.026	0.0	0.0	0.0	0.0	
0.0	0.0	0.0	0.0	0.0	0.0	-0.023	0.0	0.0	0.0	0.0	
1.0	0.0	0.0	0.0	0.0	0.0	-0.026	0.0	0.0	0.0	0.0	
2.0	0.0	0.0	0.0	0.0	0.0	-0.038	0.0	0.0	0.0	0.0	
3.0	0.0	0.0	0.0	0.0	1.0	-0.05	0.0	0.0	0.0	0.0	
4.0	0.0	0.0	0.0	0.0	0.0	-0.064	0.0	0.0	0.0	0.0	
5.0	0.0	0.0	0.0	0.0	0.0	-0.082	0.0	0.0	0.0	0.0	
6.0	0.0	0.0	0.0	0.0	0.0	-0.094	0.0	0.0	0.0	0.0	
7.0	0.0	0.0	0.0	0.0	4.0	-0.103	0.0	0.0	0.0	0.0	
8.0	0.0	0.0	0.0	0.0	0.0	-0.105	0.0	0.0	0.0	0.0	
9.0	0.0	0.0	0.0	0.0	0.0	-0.111	0.0	0.0	0.0	0.0	
10.0	0.0	0.0	0.0	0.0	0.0	-0.129	0.0	0.0	0.0	0.0	
11.0	0.0	0.0	0.0	0.0	4.0	-0.141	0.0	0.0	0.0	0.0	
12.0	0.0	0.0	0.0	0.0	0.0	-0.132	0.0	0.0	0.0	0.0	
13.0	0.0	0.0	0.0	0.0	0.0	-0.138	0.0	0.0	0.0	0.0	
14.0	0.0	0.0	0.0	0.0	0.0	-0.138	0.0	0.0	0.0	0.0	
15.0	0.0	0.0	0.0	0.0	4.0	-0.123	0.0	0.0	0.0	0.0	
0.0	0.0	0.0	0.0	0.0	0.0	-0.108	0.0	0.0	0.0	0.0	
1.0	0.0	0.0	0.0	0.0	0.0	-0.105	0.0	0.0	0.0	0.0	
2.0	0.0	0.0	0.0	0.0	0.0	-0.085	0.0	0.0	0.0	0.0	
3.0	0.0	0.0	0.0	0.0	4.0	-0.082	0.0	0.0	0.0	0.0	
4.0	0.0	0.0	0.0	0.0	0.0	-0.064	0.0	0.0	0.0	0.0	
5.0	0.0	0.0	0.0	0.0	0.0	-0.059	0.0	0.0	0.0	0.0	
6.0	0.0	0.0	0.0	0.0	0.0	-0.041	0.0	0.0	0.0	0.0	
7.0	0.0	0.0	0.0	0.0	4.0	-0.035	0.0	0.0	0.0	0.0	
8.0	0.0	0.0	0.0	0.0	0.0	-0.064	0.0	0.0	0.0	0.0	
9.0	0.0	0.0	0.0	0.0	0.0	-0.07	0.0	0.0	0.0	0.0	
10.0	0.0	0.0	0.0	0.0	0.0	-0.064	0.0	0.0	0.0	0.0	
11.0	0.0	0.0	0.0	0.0	4.0	-0.076	0.0	0.0	0.0	0.0	
12.0	0.0	0.0	0.0	0.0	0.0	-0.088	0.0	0.0	0.0	0.0	
13.0	0.0	0.0	0.0	0.0	0.0	-0.085	0.0	0.0	0.0	0.0	
14.0	0.0	0.0	0.0	0.0	0.0	-0.088	0.0	0.0	0.0	0.0	
15.0	0.0	0.0	0.0	0.0	4.0	-0.094	0.0	0.0	0.0	0.0	
0.0	0.0	0.0	0.0	0.0	0.0	-0.088	0.0	0.0	0.0	0.0	
1.0	0.0	0.0	0.0	0.0	0.0	-0.073	0.0	0.0	0.0	0.0	
2.0	0.0	0.0	0.0	0.0	0.0	0.044	1.0	0.0	0.0	0.0	
3.0	0.0	0.0	0.0	0.0	2.0	0.164	0.0	0.0	0.0	0.0	
4.0	0.0	0.0	0.0	0.0	0.0	0.141	0.0	0.0	0.0	0.0	
5.0	0.0	0.0	0.0	0.0	0.0	-0.062	0.0	0.0	0.0	0.0	
6.0	0.0	0.0	0.0	0.0	0.0	-0.188	0.0	0.0	0.0	0.0	
7.0	0.0	0.0	0.0	0.0	4.0	-0.117	0.0	0.0	0.0	0.0	
8.0	0.0	0.0	0.0	0.0	0.0	-0.015	0.0	0.0	0.0	0.0	
9.0	0.0	0.0	0.0	0.0	0.0	0.038	0.0	0.0	0.0	0.0	
10.0	0.0	0.0	0.0	0.0	0.0	0.073	1.0	0.0	0.0	0.0	
11.0	0.0	0.0	0.0	0.0	4.0	0.091	0.0	0.0	0.0	0.0	
12.0	0.0	0.0	0.0	0.0	0.0	0.108	0.0	0.0	0.0	0.0	
13.0	0.0	0.0	0.0	0.0	0.0	0.12	0.0	0.0	0.0	0.0	
14.0	0.0	0.0	0.0	0.0	0.0	0.135	0.0	0.0	0.0	0.0	
15.0	0.0	0.0	0.0	0.0	1.0	0.126	0.0	0.0	0.0	0.0	
0.0	0.0	0.0	0.0	0.0	0.0	0.114	0.0	0.0	0.0	0.0	
1.0	0.0	0.0	0.0	0.0	0.0	0.12	0.0	0.0	0.0	0.0	
2.0	0.0	0.0	0.0	0.0	0.0	0.138	1.0	0.0	0.0	0.0	
3.0	0.0	0.0	0.0	0.0	4.0	0.149	0.0	0.0	0.0	0.0	
4.0	0.0	0.0	0.0	0.0	0.0	0.158	0.0	0.0	0.0	0.0	
5.0	0.0	0.0	0.0	0.0	0.0	0.167	0.0	0.0	0.0	0.0	
6.0	0.0	0.0	0.0	0.0	0.0	0.164	1.0	0.0	0.0	0.0	
7.0	0.0	0.0	0.0	0.0	4.0	0.155	0.0	0.0	0.0	0.0	
8.0	0.0	0.0	0.0	0.0	0.0	0.161	0.0	0.0	0.0	0.0	
9.0	0.0	0.0	0.0	0.0	0.0	0.141	0.0	0.0	0.0	0.0	
10.0	0.0	0.0	0.0	0.0	0.0	0.126	0.0	0.0	0.0	0.0	
11.0	0.0	0.0	0.0	0.0	4.0	0.094	0.0	0.0	0.0	0.0	
12.0	0.0	0.0	0.0	0.0	0.0	0.064	0.0	0.0	0.0	0.0	
13.0	0.0	0.0	0.0	0.0	0.0	0.041	0.0	0.0	0.0	0.0	
14.0	0.0	0.0	0.0	0.0	0.0	0.023	0.0	0.0	0.0	0.0	
15.0	0.0	0.0	0.0	0.0	4.0	0.012	0.0	0.0	0.0	0.0	
0.0	0.0	0.0	0.0	0.0	0.0	0.003	0.0	0.0	0.0	0.0	
1.0	0.0	0.0	0.0	0.0	0.0	0.012	0.0	0.0	0.0	0.0	
2.0	0.0	0.0	0.0	0.0	0.0	0.021	1.0	0.0	0.0	0.0	
3.0	0.0	0.0	0.0	0.0	4.0	0.012	0.0	0.0	0.0	0.0	
4.0	0.0	0.0	0.0	0.0	0.0	0.012	0.0	0.0	0.0	0.0	
5.0	0.0	0.0	0.0	0.0	0.0	0.021	0.0	0.0	0.0	0.0	
6.0	0.0	0.0	0.0	0.0	0.0	0.015	1.0	0.0	0.0	0.0	
7.0	0.0	0.0	0.0	0.0	4.0	0.015	0.0	0.0	0.0	0.0	
8.0	0.0	0.0	0.0	0.0	0.0	0.015	0.0	0.0	0.0	0.0	
9.0	0.0	0.0	0.0	0.0	0.0	0.015	0.0	0.0	0.0	0.0	
10.0	0.0	0.0	0.0	0.0	0.0	0.026	1.0	0.0	0.0	0.0	
11.0	0.0	0.0	0.0	0.0	4.0	0.038	0.0	0.0	0.0	0.0	
12.0	0.0	0.0	0.0	0.0	0.0	0.032	0.0	0.0	0.0	0.0	
13.0	0.0	0.0	0.0	0.0	0.0	0.026	0.0	0.0	0.0	0.0	
14.0	0.0	0.0	0.0	0.0	0.0	0.021	0.0	0.0	0.0	0.0	
15.0	0.0	0.0	0.0	0.0	2.0	0.015	0.0	0.0	0.0	0.0	
0.0	0.0	0.0	0.0	0.0	0.0	0.015	0.0	0.0	0.0	0.0	
1.0	0.0	0.0	0.0	0.0	0.0	0.009	0.0	0.0	0.0	0.0	
2.0	0.0	0.0	0.0	0.0	0.0	0.021	1.0	0.0	0.0	0.0	
3.0	0.0	0.0	0.0	0.0	4.0	0.012	0.0	0.0	0.0	0.0	
4.0	0.0	0.0	0.0	0.0	0.0	0.006	0.0	0.0	0.0	0.0	
5.0	0.0	0.0	0.0	0.0	0.0	0.006	0.0	0.0	0.0	0.0	
6.0	0.0	0.0	0.0	0.0	0.0	0.006	0.0	0.0	0.0	0.0	
7.0	0.0	0.0	0.0	0.0	4.0	-0.003	0.0	0.0	0.0	0.0	
8.0	0.0	0.0	0.0	0.0	0.0	0.009	0.0	0.0	0.0	0.0	
9.0	0.0	0.0	0.0	0.0	0.0	0.015	0.0	0.0	0.0	0.0	
10.0	0.0	0.0	0.0	0.0	0.0	0.029	0.0	0.0	0.0	0.0	
11.0	0.0	0.0	0.0	0.0	1.0	0.041	0.0	0.0	0.0	0.0	
12.0	0.0	0.0	0.0	0.0	0.0	0.059	0.0	0.0	0.0	0.0	
13.0	0.0	0.0	0.0	0.0	0.0	0.056	0.0	0.0	0.0	0.0	
14.0	0.0	0.0	0.0	0.0	0.0	0.041	1.0	0.0	0.0	0.0	
15.0	0.0	0.0	0.0	0.0	4.0	0.023	0.0	0.0	0.0	0.0	
0.0	0.0	0.0	0.0	0.0	0.0	0.026	0.0	0.0	0.0	0.0	
1.0	0.0	0.0	0.0	0.0	0.0	0.035	0.0	0.0	0.0	0.0	
2.0	0.0	0.0	0.0	0.0	0.0	0.021	1.0	0.0	0.0	0.0	
3.0	0.0	0.0	0.0	0.0	4.0	0.006	0.0	0.0	0.0	0.0	
4.0	0.0	0.0	0.0	0.0	0.0	-0.006	0.0	0.0	0.0	0.0	
5.0	0.0	0.0	0.0	0.0	0.0	0.0	0.0	0.0	0.0	0.0	
6.0	0.0	0.0	0.0	0.0	0.0	-0.003	0.0	0.0	0.0	0.0	
7.0	0.0	0.0	0.0	0.0	4.0	0.003	0.0	0.0	0.0	0.0	
8.0	0.0	0.0	0.0	0.0	0.0	0.085	0.0	0.0	0.0	0.0	
9.0	0.0	0.0	0.0	0.0	0.0	0.231	0.0	0.0	0.0	0.0	
10.0	0.0	0.0	0.0	0.0	0.0	0.246	1.0	0.0	0.0	0.0	
11.0	0.0	0.0	0.0	0.0	4.0	0.05	0.0	0.0	0.0	0.0	
12.0	0.0	0.0	0.0	0.0	0.0	-0.141	0.0	0.0	0.0	0.0	
13.0	0.0	0.0	0.0	0.0	0.0	-0.105	0.0	0.0	0.0	0.0	
14.0	0.0	0.0	0.0	0.0	0.0	-0.032	0.0	0.0	0.0	0.0	
15.0	0.0	0.0	0.0	0.0	4.0	0.018	0.0	0.0	0.0	0.0	
0.0	0.0	0.0	0.0	0.0	0.0	0.032	0.0	0.0	0.0	0.0	
1.0	0.0	0.0	0.0	0.0	0.0	0.044	0.0	0.0	0.0	0.0	
2.0	0.0	0.0	0.0	0.0	0.0	0.059	1.0	0.0	0.0	0.0	
3.0	0.0	0.0	0.0	0.0	4.0	0.079	0.0	0.0	0.0	0.0	
4.0	0.0	0.0	0.0	0.0	0.0	0.079	0.0	0.0	0.0	0.0	
5.0	0.0	0.0	0.0	0.0	0.0	0.067	0.0	0.0	0.0	0.0	
6.0	0.0	0.0	0.0	0.0	0.0	0.067	1.0	0.0	0.0	0.0	
7.0	0.0	0.0	0.0	0.0	4.0	0.056	0.0	0.0	0.0	0.0	
8.0	0.0	0.0	0.0	0.0	0.0	0.029	0.0	0.0	0.0	0.0	
9.0	0.0	0.0	0.0	0.0	0.0	0.026	0.0	0.0	0.0	0.0	
10.0	0.0	0.0	0.0	0.0	0.0	0.032	1.0	0.0	0.0	0.0	
11.0	0.0	0.0	0.0	0.0	2.0	0.035	0.0	0.0	0.0	0.0	
12.0	0.0	0.0	0.0	0.0	0.0	0.047	0.0	0.0	0.0	0.0	
13.0	0.0	0.0	0.0	0.0	0.0	0.056	0.0	0.0	0.0	0.0	
14.0	0.0	0.0	0.0	0.0	0.0	0.047	1.0	0.0	0.0	0.0	
15.0	0.0	0.0	0.0	0.0	4.0	0.041	0.0	0.0	0.0	0.0	
0.0	0.0	0.0	0.0	0.0	0.0	0.026	0.0	0.0	0.0	0.0	
1.0	0.0	0.0	0.0	0.0	0.0	0.009	0.0	0.0	0.0	0.0	
2.0	0.0	0.0	0.0	0.0	0.0	-0.006	0.0	0.0	0.0	0.0	
3.0	0.0	0.0	0.0	0.0	4.0	-0.023	0.0	0.0	0.0	0.0	
4.0	0.0	0.0	0.0	0.0	0.0	-0.035	0.0	0.0	0.0	0.0	
5.0	0.0	0.0	0.0	0.0	0.0	-0.044	0.0	0.0	0.0	0.0	
6.0	0.0	0.0	0.0	0.0	0.0	-0.038	0.0	0.0	0.0	0.0	
7.0	0.0	0.0	0.0	0.0	1.0	-0.021	0.0	0.0	0.0	0.0	
8.0	0.0	0.0	0.0	0.0	0.0	-0.018	0.0	0.0	0.0	0.0	
9.0	0.0	0.0	0.0	0.0	0.0	-0.018	0.0	0.0	0.0	0.0	
10.0	0.0	0.0	0.0	0.0	0.0	-0.012	0.0	0.0	0.0	0.0	
11.0	0.0	0.0	0.0	0.0	4.0	0.006	0.0	0.0	0.0	0.0	
12.0	0.0	0.0	0.0	0.0	0.0	0.018	0.0	0.0	0.0	0.0	
13.0	0.0	0.0	0.0	0.0	0.0	0.029	0.0	0.0	0.0	0.0	
14.0	0.0	0.0	0.0	0.0	0.0	0.035	1.0	0.0	0.0	0.0	
15.0	0.0	0.0	0.0	0.0	4.0	0.041	0.0	0.0	0.0	0.0	
0.0	0.0	0.0	0.0	0.0	0.0	0.023	0.0	0.0	0.0	0.0	
1.0	0.0	0.0	0.0	0.0	0.0	0.032	0.0	0.0	0.0	0.0	
2.0	0.0	0.0	0.0	0.0	0.0	0.041	0.0	0.0	0.0	0.0	
3.0	0.0	0.0	0.0	0.0	4.0	0.018	0.0	0.0	0.0	0.0	
4.0	0.0	0.0	0.0	0.0	0.0	0.032	0.0	0.0	0.0	0.0	
5.0	0.0	0.0	0.0	0.0	0.0	0.038	0.0	0.0	0.0	0.0	
6.0	0.0	0.0	0.0	0.0	0.0	0.044	1.0	0.0	0.0	0.0	
7.0	0.0	0.0	0.0	0.0	4.0	0.041	0.0	0.0	0.0	0.0	
8.0	0.0	0.0	0.0	0.0	0.0	0.047	0.0	0.0	0.0	0.0	
9.0	0.0	0.0	0.0	0.0	0.0	0.047	0.0	0.0	0.0	0.0	
10.0	0.0	0.0	0.0	0.0	0.0	0.056	1.0	0.0	0.0	0.0	
11.0	0.0	0.0	0.0	0.0	1.0	0.05	0.0	0.0	0.0	0.0	
12.0	0.0	0.0	0.0	0.0	0.0	0.053	0.0	0.0	0.0	0.0	
13.0	0.0	0.0	0.0	0.0	0.0	0.064	0.0	0.0	0.0	0.0	
14.0	0.0	0.0	0.0	0.0	0.0	0.032	1.0	0.0	0.0	0.0	
15.0	0.0	0.0	0.0	0.0	4.0	0.032	0.0	0.0	0.0	0.0	
0.0	0.0	0.0	0.0	0.0	0.0	0.035	0.0	0.0	0.0	0.0	
1.0	0.0	0.0	0.0	0.0	0.0	0.021	0.0	0.0	0.0	0.0	
2.0	0.0	0.0	0.0	0.0	0.0	0.029	1.0	0.0	0.0	0.0	
3.0	0.0	0.0	0.0	0.0	4.0	0.047	0.0	0.0	0.0	0.0	
4.0	0.0	0.0	0.0	0.0	0.0	0.035	0.0	0.0	0.0	0.0	
5.0	0.0	0.0	0.0	0.0	0.0	0.041	0.0	0.0	0.0	0.0	
6.0	0.0	0.0	0.0	0.0	0.0	-0.026	0.0	0.0	0.0	0.0	
7.0	0.0	0.0	0.0	0.0	2.0	-0.006	0.0	0.0	0.0	0.0	
8.0	0.0	0.0	0.0	0.0	0.0	0.012	0.0	0.0	0.0	0.0	
9.0	0.0	0.0	0.0	0.0	0.0	-0.003	0.0	0.0	0.0	0.0	
10.0	0.0	0.0	0.0	0.0	0.0	-0.006	0.0	0.0	0.0	0.0	
11.0	0.0	0.0	0.0	0.0	4.0	-0.009	0.0	0.0	0.0	0.0	
12.0	0.0	0.0	0.0	0.0	0.0	0.0	0.0	0.0	0.0	0.0	
13.0	0.0	0.0	0.0	0.0	0.0	0.012	0.0	0.0	0.0	0.0	
14.0	0.0	0.0	0.0	0.0	0.0	0.0	1.0	0.0	0.0	0.0	
15.0	0.0	0.0	0.0	0.0	4.0	0.085	0.0	0.0	0.0	0.0	
0.0	0.0	0.0	0.0	0.0	0.0	0.226	0.0	0.0	0.0	0.0	
1.0	0.0	0.0	0.0	0.0	0.0	0.208	0.0	0.0	0.0	0.0	
2.0	0.0	0.0	0.0	0.0	0.0	-0.047	0.0	0.0	0.0	0.0	
3.0	0.0	0.0	0.0	0.0	4.0	-0.249	0.0	0.0	0.0	0.0	
4.0	0.0	0.0	0.0	0.0	0.0	-0.229	0.0	0.0	0.0	0.0	
5.0	0.0	0.0	0.0	0.0	0.0	-0.152	0.0	0.0	0.0	0.0	
6.0	0.0	0.0	0.0	0.0	0.0	-0.105	0.0	0.0	0.0	0.0	
7.0	0.0	0.0	0.0	0.0	4.0	-0.088	0.0	0.0	0.0	0.0	
8.0	0.0	0.0	0.0	0.0	0.0	-0.073	0.0	0.0	0.0	0.0	
9.0	0.0	0.0	0.0	0.0	0.0	-0.07	0.0	0.0	0.0	0.0	
10.0	0.0	0.0	0.0	0.0	0.0	-0.085	0.0	0.0	0.0	0.0	
11.0	0.0	0.0	0.0	0.0	4.0	-0.073	0.0	0.0	0.0	0.0	
12.0	0.0	0.0	0.0	0.0	0.0	-0.076	0.0	0.0	0.0	0.0	
13.0	0.0	0.0	0.0	0.0	0.0	-0.079	0.0	0.0	0.0	0.0	
14.0	0.0	0.0	0.0	0.0	0.0	-0.082	0.0	0.0	0.0	0.0	
15.0	0.0	0.0	0.0	0.0	4.0	-0.082	0.0	0.0	0.0	0.0	
0.0	0.0	0.0	0.0	0.0	0.0	-0.103	0.0	0.0	0.0	0.0	
1.0	0.0	0.0	0.0	0.0	0.0	-0.117	0.0	0.0	0.0	0.0	
2.0	0.0	0.0	0.0	0.0	0.0	-0.12	0.0	0.0	0.0	0.0	
3.0	0.0	0.0	0.0	0.0	4.0	-0.114	0.0	0.0	0.0	0.0	
4.0	0.0	0.0	0.0	0.0	0.0	-0.132	0.0	0.0	0.0	0.0	
5.0	0.0	0.0	0.0	0.0	0.0	-0.138	0.0	0.0	0.0	0.0	
6.0	0.0	0.0	0.0	0.0	0.0	-0.146	0.0	0.0	0.0	0.0	
7.0	0.0	0.0	0.0	0.0	1.0	-0.149	0.0	0.0	0.0	0.0	
8.0	0.0	0.0	0.0	0.0	0.0	-0.17	0.0	0.0	0.0	0.0	
9.0	0.0	0.0	0.0	0.0	0.0	-0.208	0.0	0.0	0.0	0.0	
10.0	0.0	0.0	0.0	0.0	0.0	-0.237	0.0	0.0	0.0	0.0	
11.0	0.0	0.0	0.0	0.0	4.0	-0.261	0.0	0.0	0.0	0.0	
12.0	0.0	0.0	0.0	0.0	0.0	-0.293	0.0	0.0	0.0	0.0	
13.0	0.0	0.0	0.0	0.0	0.0	-0.311	0.0	0.0	0.0	0.0	
14.0	0.0	0.0	0.0	0.0	0.0	-0.296	0.0	0.0	0.0	0.0	
15.0	0.0	0.0	0.0	0.0	4.0	-0.278	0.0	0.0	0.0	0.0	
0.0	0.0	0.0	0.0	0.0	0.0	-0.27	0.0	0.0	0.0	0.0	
1.0	0.0	0.0	0.0	0.0	0.0	-0.246	0.0	0.0	0.0	0.0	
2.0	0.0	0.0	0.0	0.0	0.0	-0.217	0.0	0.0	0.0	0.0	
3.0	0.0	0.0	0.0	0.0	2.0	-0.202	0.0	0.0	0.0	0.0	
4.0	0.0	0.0	0.0	0.0	0.0	-0.202	0.0	0.0	0.0	0.0	
5.0	0.0	0.0	0.0	0.0	0.0	-0.17	0.0	0.0	0.0	0.0	
6.0	0.0	0.0	0.0	0.0	0.0	-0.167	0.0	0.0	0.0	0.0	
7.0	0.0	0.0	0.0	0.0	4.0	-0.146	0.0	0.0	0.0	0.0	
8.0	0.0	0.0	0.0	0.0	0.0	-0.144	0.0	0.0	0.0	0.0	
9.0	0.0	0.0	0.0	0.0	0.0	-0.132	0.0	0.0	0.0	0.0	
10.0	0.0	0.0	0.0	0.0	0.0	-0.141	0.0	0.0	0.0	0.0	
11.0	0.0	0.0	0.0	0.0	4.0	-0.132	0.0	0.0	0.0	0.0	
12.0	0.0	0.0	0.0	0.0	0.0	-0.123	0.0	0.0	0.0	0.0	
13.0	0.0	0.0	0.0	0.0	0.0	-0.117	0.0	0.0	0.0	0.0	
14.0	0.0	0.0	0.0	0.0	0.0	-0.097	0.0	0.0	0.0	0.0	
15.0	0.0	0.0	0.0	0.0	4.0	-0.079	0.0	0.0	0.0	0.0	
0.0	0.0	0.0	0.0	0.0	0.0	-0.059	0.0	0.0	0.0	0.0	
1.0	0.0	0.0	0.0	0.0	0.0	-0.064	0.0	0.0	0.0	0.0	
2.0	0.0	0.0	0.0	0.0	0.0	-0.059	0.0	0.0	0.0	0.0	
3.0	0.0	0.0	0.0	0.0	4.0	-0.053	0.0	0.0	0.0	0.0	
4.0	0.0	0.0	0.0	0.0	0.0	-0.047	0.0	0.0	0.0	0.0	
5.0	0.0	0.0	0.0	0.0	0.0	-0.044	0.0	0.0	0.0	0.0	
6.0	0.0	0.0	0.0	0.0	0.0	-0.012	1.0	0.0	0.0	0.0	
7.0	0.0	0.0	0.0	0.0	4.0	0.012	0.0	0.0	0.0	0.0	
8.0	0.0	0.0	0.0	0.0	0.0	0.038	0.0	0.0	0.0	0.0	
9.0	0.0	0.0	0.0	0.0	0.0	0.064	0.0	0.0	0.0	0.0	
10.0	0.0	0.0	0.0	0.0	0.0	0.079	1.0	0.0	0.0	0.0	
11.0	0.0	0.0	0.0	0.0	4.0	0.076	0.0	0.0	0.0	0.0	
12.0	0.0	0.0	0.0	0.0	0.0	0.056	0.0	0.0	0.0	0.0	
13.0	0.0	0.0	0.0	0.0	0.0	0.079	0.0	0.0	0.0	0.0	
14.0	0.0	0.0	0.0	0.0	0.0	0.094	1.0	0.0	0.0	0.0	
15.0	0.0	0.0	0.0	0.0	4.0	0.114	0.0	0.0	0.0	0.0	
0.0	0.0	0.0	0.0	0.0	0.0	0.126	0.0	0.0	0.0	0.0	
1.0	0.0	0.0	0.0	0.0	0.0	0.126	0.0	0.0	0.0	0.0	
2.0	0.0	0.0	0.0	0.0	0.0	0.138	1.0	0.0	0.0	0.0	
3.0	0.0	0.0	0.0	0.0	1.0	0.155	0.0	0.0	0.0	0.0	
4.0	0.0	0.0	0.0	0.0	0.0	0.164	0.0	0.0	0.0	0.0	
5.0	0.0	0.0	0.0	0.0	0.0	0.196	0.0	0.0	0.0	0.0	
6.0	0.0	0.0	0.0	0.0	0.0	0.393	1.0	0.0	0.0	0.0	
7.0	0.0	0.0	0.0	0.0	4.0	0.536	1.0	0.0	0.0	0.0	
8.0	0.0	0.0	0.0	0.0	0.0	0.448	0.0	0.0	0.0	0.0	
9.0	0.0	0.0	0.0	0.0	0.0	0.205	0.0	0.0	0.0	0.0	
10.0	0.0	0.0	0.0	0.0	0.0	0.155	1.0	0.0	0.0	0.0	
11.0	0.0	0.0	0.0	0.0	4.0	0.22	0.0	0.0	0.0	0.0	
12.0	0.0	0.0	0.0	0.0	0.0	0.302	0.0	0.0	0.0	0.0	
13.0	0.0	0.0	0.0	0.0	0.0	0.369	0.0	0.0	0.0	0.0	
14.0	0.0	0.0	0.0	0.0	0.0	0.393	1.0	0.0	0.0	0.0	
15.0	0.0	0.0	0.0	0.0	2.0	0.422	0.0	0.0	0.0	0.0	
0.0	0.0	0.0	0.0	0.0	0.0	0.445	0.0	0.0	0.0	0.0	
1.0	0.0	0.0	0.0	0.0	0.0	0.466	1.0	0.0	0.0	0.0	
2.0	0.0	0.0	0.0	0.0	0.0	0.478	1.0	0.0	0.0	0.0	
3.0	0.0	0.0	0.0	0.0	4.0	0.489	1.0	0.0	0.0	0.0	
4.0	0.0	0.0	0.0	0.0	0.0	0.501	0.0	0.0	0.0	0.0	
5.0	0.0	0.0	0.0	0.0	0.0	0.498	1.0	0.0	0.0	0.0	
6.0	0.0	0.0	0.0	0.0	0.0	0.489	1.0	0.0	0.0	0.0	
7.0	0.0	0.0	0.0	0.0	4.0	0.48	1.0	0.0	0.0	0.0	
8.0	0.0	0.0	0.0	0.0	0.0	0.472	0.0	0.0	0.0	0.0	
9.0	0.0	0.0	0.0	0.0	0.0	0.475	1.0	0.0	0.0	0.0	
10.0	0.0	0.0	0.0	0.0	0.0	0.472	1.0	0.0	0.0	0.0	
11.0	0.0	0.0	0.0	0.0	4.0	0.457	1.0	0.0	0.0	0.0	
12.0	0.0	0.0	0.0	0.0	0.0	0.437	0.0	0.0	0.0	0.0	
13.0	0.0	0.0	0.0	0.0	0.0	0.428	0.0	0.0	0.0	0.0	
14.0	0.0	0.0	0.0	0.0	0.0	0.404	1.0	0.0	0.0	0.0	
15.0	0.0	0.0	0.0	0.0	4.0	0.372	0.0	0.0	0.0	0.0	
0.0	0.0	0.0	0.0	0.0	0.0	0.316	0.0	0.0	0.0	0.0	
1.0	0.0	0.0	0.0	0.0	0.0	0.278	0.0	0.0	0.0	0.0	
2.0	0.0	0.0	0.0	0.0	0.0	0.246	1.0	0.0	0.0	0.0	
3.0	0.0	0.0	0.0	0.0	2.0	0.234	0.0	0.0	0.0	0.0	
4.0	0.0	0.0	0.0	0.0	0.0	0.231	0.0	0.0	0.0	0.0	
5.0	0.0	0.0	0.0	0.0	0.0	0.231	0.0	0.0	0.0	0.0	
6.0	0.0	0.0	0.0	0.0	0.0	0.229	1.0	0.0	0.0	0.0	
7.0	0.0	0.0	0.0	0.0	4.0	0.231	0.0	0.0	0.0	0.0	
8.0	0.0	0.0	0.0	0.0	0.0	0.234	0.0	0.0	0.0	0.0	
9.0	0.0	0.0	0.0	0.0	0.0	0.234	0.0	0.0	0.0	0.0	
10.0	0.0	0.0	0.0	0.0	0.0	0.246	1.0	0.0	0.0	0.0	
11.0	0.0	0.0	0.0	0.0	4.0	0.231	0.0	0.0	0.0	0.0	
12.0	0.0	0.0	0.0	0.0	0.0	0.223	0.0	0.0	0.0	0.0	
13.0	0.0	0.0	0.0	0.0	0.0	0.211	0.0	0.0	0.0	0.0	
14.0	0.0	0.0	0.0	0.0	0.0	0.214	0.0	0.0	0.0	0.0	
15.0	0.0	0.0	0.0	0.0	1.0	0.22	0.0	0.0	0.0	0.0	
0.0	0.0	0.0	0.0	0.0	0.0	0.199	0.0	0.0	0.0	0.0	
1.0	0.0	0.0	0.0	0.0	0.0	0.19	0.0	0.0	0.0	0.0	
2.0	0.0	0.0	0.0	0.0	0.0	0.19	1.0	0.0	0.0	0.0	
3.0	0.0	0.0	0.0	0.0	4.0	0.188	0.0	0.0	0.0	0.0	
4.0	0.0	0.0	0.0	0.0	0.0	0.19	0.0	0.0	0.0	0.0	
5.0	0.0	0.0	0.0	0.0	0.0	0.19	0.0	0.0	0.0	0.0	
6.0	0.0	0.0	0.0	0.0	0.0	0.185	1.0	0.0	0.0	0.0	
7.0	0.0	0.0	0.0	0.0	4.0	0.185	0.0	0.0	0.0	0.0	
8.0	0.0	0.0	0.0	0.0	0.0	0.185	0.0	0.0	0.0	0.0	
9.0	0.0	0.0	0.0	0.0	0.0	0.185	0.0	0.0	0.0	0.0	
10.0	0.0	0.0	0.0	0.0	0.0	0.182	1.0	0.0	0.0	0.0	
11.0	0.0	0.0	0.0	0.0	4.0	0.185	0.0	0.0	0.0	0.0	
12.0	0.0	0.0	0.0	0.0	0.0	0.164	0.0	0.0	0.0	0.0	
13.0	0.0	0.0	0.0	0.0	0.0	0.161	0.0	0.0	0.0	0.0	
14.0	0.0	0.0	0.0	0.0	0.0	0.132	1.0	0.0	0.0	0.0	
15.0	0.0	0.0	0.0	0.0	4.0	0.082	0.0	0.0	0.0	0.0	
0.0	0.0	0.0	0.0	0.0	0.0	0.062	0.0	0.0	0.0	0.0	
1.0	0.0	0.0	0.0	0.0	0.0	0.053	0.0	0.0	0.0	0.0	
2.0	0.0	0.0	0.0	0.0	0.0	0.053	1.0	0.0	0.0	0.0	
3.0	0.0	0.0	0.0	0.0	4.0	0.035	0.0	0.0	0.0	0.0	
4.0	0.0	0.0	0.0	0.0	0.0	0.026	0.0	0.0	0.0	0.0	
5.0	0.0	0.0	0.0	0.0	0.0	0.023	0.0	0.0	0.0	0.0	
6.0	0.0	0.0	0.0	0.0	0.0	0.012	1.0	0.0	0.0	0.0	
7.0	0.0	0.0	0.0	0.0	4.0	0.009	0.0	0.0	0.0	0.0	
8.0	0.0	0.0	0.0	0.0	0.0	0.015	0.0	0.0	0.0	0.0	
9.0	0.0	0.0	0.0	0.0	0.0	0.164	0.0	0.0	0.0	0.0	
10.0	0.0	0.0	0.0	0.0	0.0	0.328	1.0	0.0	0.0	0.0	
11.0	0.0	0.0	0.0	0.0	4.0	0.196	0.0	0.0	0.0	0.0	
12.0	0.0	0.0	0.0	0.0	0.0	-0.073	0.0	0.0	0.0	0.0	
13.0	0.0	0.0	0.0	0.0	0.0	-0.155	0.0	0.0	0.0	0.0	
14.0	0.0	0.0	0.0	0.0	0.0	-0.114	0.0	0.0	0.0	0.0	
15.0	0.0	0.0	0.0	0.0	2.0	-0.038	0.0	0.0	0.0	0.0	
0.0	0.0	0.0	0.0	0.0	0.0	0.006	0.0	0.0	0.0	0.0	
1.0	0.0	0.0	0.0	0.0	0.0	0.009	0.0	0.0	0.0	0.0	
2.0	0.0	0.0	0.0	0.0	0.0	0.035	0.0	0.0	0.0	0.0	
3.0	0.0	0.0	0.0	0.0	4.0	0.032	0.0	0.0	0.0	0.0	
4.0	0.0	0.0	0.0	0.0	0.0	0.05	0.0	0.0	0.0	0.0	
5.0	0.0	0.0	0.0	0.0	0.0	0.059	0.0	0.0	0.0	0.0	
6.0	0.0	0.0	0.0	0.0	0.0	0.064	1.0	0.0	0.0	0.0	
7.0	0.0	0.0	0.0	0.0	4.0	0.073	0.0	0.0	0.0	0.0	
8.0	0.0	0.0	0.0	0.0	0.0	0.079	0.0	0.0	0.0	0.0	
9.0	0.0	0.0	0.0	0.0	0.0	0.091	0.0	0.0	0.0	0.0	
10.0	0.0	0.0	0.0	0.0	0.0	0.097	0.0	0.0	0.0	0.0	
11.0	0.0	0.0	0.0	0.0	1.0	0.094	0.0	0.0	0.0	0.0	
12.0	0.0	0.0	0.0	0.0	0.0	0.103	0.0	0.0	0.0	0.0	
13.0	0.0	0.0	0.0	0.0	0.0	0.105	0.0	0.0	0.0	0.0	
14.0	0.0	0.0	0.0	0.0	0.0	0.103	1.0	0.0	0.0	0.0	
15.0	0.0	0.0	0.0	0.0	4.0	0.097	0.0	0.0	0.0	0.0	
0.0	0.0	0.0	0.0	0.0	0.0	0.094	0.0	0.0	0.0	0.0	
1.0	0.0	0.0	0.0	0.0	0.0	0.067	0.0	0.0	0.0	0.0	
2.0	0.0	0.0	0.0	0.0	0.0	0.041	1.0	0.0	0.0	0.0	
3.0	0.0	0.0	0.0	0.0	4.0	-0.006	0.0	0.0	0.0	0.0	
4.0	0.0	0.0	0.0	0.0	0.0	-0.05	0.0	0.0	0.0	0.0	
5.0	0.0	0.0	0.0	0.0	0.0	-0.073	0.0	0.0	0.0	0.0	
6.0	0.0	0.0	0.0	0.0	0.0	-0.091	0.0	0.0	0.0	0.0	
7.0	0.0	0.0	0.0	0.0	4.0	-0.103	0.0	0.0	0.0	0.0	
8.0	0.0	0.0	0.0	0.0	0.0	-0.103	0.0	0.0	0.0	0.0	
9.0	0.0	0.0	0.0	0.0	0.0	-0.105	0.0	0.0	0.0	0.0	
10.0	0.0	0.0	0.0	0.0	0.0	-0.114	0.0	0.0	0.0	0.0	
11.0	0.0	0.0	0.0	0.0	4.0	-0.108	0.0	0.0	0.0	0.0	
12.0	0.0	0.0	0.0	0.0	0.0	-0.103	0.0	0.0	0.0	0.0	
13.0	0.0	0.0	0.0	0.0	0.0	-0.108	0.0	0.0	0.0	0.0	
14.0	0.0	0.0	0.0	0.0	0.0	-0.103	0.0	0.0	0.0	0.0	
15.0	0.0	0.0	0.0	0.0	4.0	-0.105	0.0	0.0	0.0	0.0	
0.0	0.0	0.0	0.0	0.0	0.0	-0.097	0.0	0.0	0.0	0.0	
1.0	0.0	0.0	0.0	0.0	0.0	-0.111	0.0	0.0	0.0	0.0	
2.0	0.0	0.0	0.0	0.0	0.0	-0.117	0.0	0.0	0.0	0.0	
3.0	0.0	0.0	0.0	0.0	4.0	-0.129	0.0	0.0	0.0	0.0	
4.0	0.0	0.0	0.0	0.0	0.0	-0.135	0.0	0.0	0.0	0.0	
5.0	0.0	0.0	0.0	0.0	0.0	-0.129	0.0	0.0	0.0	0.0	
6.0	0.0	0.0	0.0	0.0	0.0	-0.144	0.0	0.0	0.0	0.0	
7.0	0.0	0.0	0.0	0.0	4.0	-0.135	0.0	0.0	0.0	0.0	
8.0	0.0	0.0	0.0	0.0	0.0	-0.129	0.0	0.0	0.0	0.0	
9.0	0.0	0.0	0.0	0.0	0.0	-0.132	0.0	0.0	0.0	0.0	
10.0	0.0	0.0	0.0	0.0	0.0	-0.132	0.0	0.0	0.0	0.0	
11.0	0.0	0.0	0.0	0.0	2.0	-0.141	0.0	0.0	0.0	0.0	
12.0	0.0	0.0	0.0	0.0	0.0	-0.144	0.0	0.0	0.0	0.0	
13.0	0.0	0.0	0.0	0.0	0.0	-0.132	0.0	0.0	0.0	0.0	
14.0	0.0	0.0	0.0	0.0	0.0	-0.132	0.0	0.0	0.0	0.0	
15.0	0.0	0.0	0.0	0.0	4.0	-0.135	0.0	0.0	0.0	0.0	
0.0	0.0	0.0	0.0	0.0	0.0	-0.146	0.0	0.0	0.0	0.0	
1.0	0.0	0.0	0.0	0.0	0.0	-0.182	0.0	0.0	0.0	0.0	
2.0	0.0	0.0	0.0	0.0	0.0	-0.182	0.0	0.0	0.0	0.0	
3.0	0.0	0.0	0.0	0.0	4.0	-0.179	0.0	0.0	0.0	0.0	
4.0	0.0	0.0	0.0	0.0	0.0	-0.173	0.0	0.0	0.0	0.0	
5.0	0.0	0.0	0.0	0.0	0.0	-0.164	0.0	0.0	0.0	0.0	
6.0	0.0	0.0	0.0	0.0	0.0	-0.155	0.0	0.0	0.0	0.0	
7.0	0.0	0.0	0.0	0.0	1.0	-0.152	0.0	0.0	0.0	0.0	
8.0	0.0	0.0	0.0	0.0	0.0	-0.146	0.0	0.0	0.0	0.0	
9.0	0.0	0.0	0.0	0.0	0.0	-0.149	0.0	0.0	0.0	0.0	
10.0	0.0	0.0	0.0	0.0	0.0	-0.123	0.0	0.0	0.0	0.0	
11.0	0.0	0.0	0.0	0.0	4.0	0.059	0.0	0.0	0.0	0.0	
12.0	0.0	0.0	0.0	0.0	0.0	0.167	0.0	0.0	0.0	0.0	
13.0	0.0	0.0	0.0	0.0	0.0	-0.009	0.0	0.0	0.0	0.0	
14.0	0.0	0.0	0.0	0.0	0.0	-0.281	0.0	0.0	0.0	0.0	
15.0	0.0	0.0	0.0	0.0	4.0	-0.311	0.0	0.0	0.0	0.0	
0.0	0.0	0.0	0.0	0.0	0.0	-0.264	0.0	0.0	0.0	0.0	
1.0	0.0	0.0	0.0	0.0	0.0	-0.193	0.0	0.0	0.0	0.0	
2.0	0.0	0.0	0.0	0.0	0.0	-0.167	0.0	0.0	0.0	0.0	
3.0	0.0	0.0	0.0	0.0	4.0	-0.152	0.0	0.0	0.0	0.0	
4.0	0.0	0.0	0.0	0.0	0.0	-0.144	0.0	0.0	0.0	0.0	
5.0	0.0	0.0	0.0	0.0	0.0	-0.132	0.0	0.0	0.0	0.0	
6.0	0.0	0.0	0.0	0.0	0.0	-0.12	0.0	0.0	0.0	0.0	
7.0	0.0	0.0	0.0	0.0	4.0	-0.12	0.0	0.0	0.0	0.0	
8.0	0.0	0.0	0.0	0.0	0.0	-0.117	0.0	0.0	0.0	0.0	
9.0	0.0	0.0	0.0	0.0	0.0	-0.108	0.0	0.0	0.0	0.0	
10.0	0.0	0.0	0.0	0.0	0.0	-0.117	0.0	0.0	0.0	0.0	
11.0	0.0	0.0	0.0	0.0	4.0	-0.114	0.0	0.0	0.0	0.0	
12.0	0.0	0.0	0.0	0.0	0.0	-0.108	0.0	0.0	0.0	0.0	
13.0	0.0	0.0	0.0	0.0	0.0	-0.105	0.0	0.0	0.0	0.0	
14.0	0.0	0.0	0.0	0.0	0.0	-0.097	0.0	0.0	0.0	0.0	
15.0	0.0	0.0	0.0	0.0	4.0	-0.1	0.0	0.0	0.0	0.0	
0.0	0.0	0.0	0.0	0.0	0.0	-0.1	0.0	0.0	0.0	0.0	
1.0	0.0	0.0	0.0	0.0	0.0	-0.105	0.0	0.0	0.0	0.0	
2.0	0.0	0.0	0.0	0.0	0.0	-0.126	0.0	0.0	0.0	0.0	
3.0	0.0	0.0	0.0	0.0	4.0	-0.141	0.0	0.0	0.0	0.0	
4.0	0.0	0.0	0.0	0.0	0.0	-0.161	0.0	0.0	0.0	0.0	
5.0	0.0	0.0	0.0	0.0	0.0	-0.19	0.0	0.0	0.0	0.0	
6.0	0.0	0.0	0.0	0.0	0.0	-0.214	0.0	0.0	0.0	0.0	
7.0	0.0	0.0	0.0	0.0	2.0	-0.234	0.0	0.0	0.0	0.0	
8.0	0.0	0.0	0.0	0.0	0.0	-0.237	0.0	0.0	0.0	0.0	
9.0	0.0	0.0	0.0	0.0	0.0	-0.24	0.0	0.0	0.0	0.0	
10.0	0.0	0.0	0.0	0.0	0.0	-0.229	0.0	0.0	0.0	0.0	
11.0	0.0	0.0	0.0	0.0	4.0	-0.223	0.0	0.0	0.0	0.0	
12.0	0.0	0.0	0.0	0.0	0.0	-0.211	0.0	0.0	0.0	0.0	
13.0	0.0	0.0	0.0	0.0	0.0	-0.211	0.0	0.0	0.0	0.0	
14.0	0.0	0.0	0.0	0.0	0.0	-0.196	0.0	0.0	0.0	0.0	
15.0	0.0	0.0	0.0	0.0	4.0	-0.19	0.0	0.0	0.0	0.0	
0.0	0.0	0.0	0.0	0.0	0.0	-0.188	0.0	0.0	0.0	0.0	
1.0	0.0	0.0	0.0	0.0	0.0	-0.179	0.0	0.0	0.0	0.0	
2.0	0.0	0.0	0.0	0.0	0.0	-0.185	0.0	0.0	0.0	0.0	
3.0	0.0	0.0	0.0	0.0	1.0	-0.185	0.0	0.0	0.0	0.0	
4.0	0.0	0.0	0.0	0.0	0.0	-0.19	0.0	0.0	0.0	0.0	
5.0	0.0	0.0	0.0	0.0	0.0	-0.185	0.0	0.0	0.0	0.0	
6.0	0.0	0.0	0.0	0.0	0.0	-0.179	0.0	0.0	0.0	0.0	
7.0	0.0	0.0	0.0	0.0	4.0	-0.167	0.0	0.0	0.0	0.0	
8.0	0.0	0.0	0.0	0.0	0.0	-0.164	0.0	0.0	0.0	0.0	
9.0	0.0	0.0	0.0	0.0	0.0	-0.146	0.0	0.0	0.0	0.0	
10.0	0.0	0.0	0.0	0.0	0.0	-0.146	0.0	0.0	0.0	0.0	
11.0	0.0	0.0	0.0	0.0	4.0	-0.144	0.0	0.0	0.0	0.0	
12.0	0.0	0.0	0.0	0.0	0.0	-0.126	0.0	0.0	0.0	0.0	
13.0	0.0	0.0	0.0	0.0	0.0	-0.108	0.0	0.0	0.0	0.0	
14.0	0.0	0.0	0.0	0.0	0.0	-0.094	0.0	0.0	0.0	0.0	
15.0	0.0	0.0	0.0	0.0	4.0	-0.082	0.0	0.0	0.0	0.0	
0.0	0.0	0.0	0.0	0.0	0.0	-0.085	0.0	0.0	0.0	0.0	
1.0	0.0	0.0	0.0	0.0	0.0	-0.1	0.0	0.0	0.0	0.0	
2.0	0.0	0.0	0.0	0.0	0.0	-0.114	0.0	0.0	0.0	0.0	
3.0	0.0	0.0	0.0	0.0	4.0	-0.111	0.0	0.0	0.0	0.0	
4.0	0.0	0.0	0.0	0.0	0.0	-0.1	0.0	0.0	0.0	0.0	
5.0	0.0	0.0	0.0	0.0	0.0	-0.091	0.0	0.0	0.0	0.0	
6.0	0.0	0.0	0.0	0.0	0.0	-0.1	0.0	0.0	0.0	0.0	
7.0	0.0	0.0	0.0	0.0	1.0	-0.097	0.0	0.0	0.0	0.0	
8.0	0.0	0.0	0.0	0.0	0.0	-0.091	0.0	0.0	0.0	0.0	
9.0	0.0	0.0	0.0	0.0	0.0	-0.091	0.0	0.0	0.0	0.0	
10.0	0.0	0.0	0.0	0.0	0.0	-0.088	0.0	0.0	0.0	0.0	
11.0	0.0	0.0	0.0	0.0	4.0	0.029	0.0	0.0	0.0	0.0	
12.0	0.0	0.0	0.0	0.0	0.0	0.158	0.0	0.0	0.0	0.0	
13.0	0.0	0.0	0.0	0.0	0.0	0.114	0.0	0.0	0.0	0.0	
14.0	0.0	0.0	0.0	0.0	0.0	-0.094	0.0	0.0	0.0	0.0	
15.0	0.0	0.0	0.0	0.0	4.0	-0.243	0.0	0.0	0.0	0.0	
0.0	0.0	0.0	0.0	0.0	0.0	-0.188	0.0	0.0	0.0	0.0	
1.0	0.0	0.0	0.0	0.0	0.0	-0.12	0.0	0.0	0.0	0.0	
2.0	0.0	0.0	0.0	0.0	0.0	-0.073	0.0	0.0	0.0	0.0	
3.0	0.0	0.0	0.0	0.0	2.0	-0.067	0.0	0.0	0.0	0.0	
4.0	0.0	0.0	0.0	0.0	0.0	-0.062	0.0	0.0	0.0	0.0	
5.0	0.0	0.0	0.0	0.0	0.0	-0.053	0.0	0.0	0.0	0.0	
6.0	0.0	0.0	0.0	0.0	0.0	-0.044	0.0	0.0	0.0	0.0	
7.0	0.0	0.0	0.0	0.0	4.0	-0.044	0.0	0.0	0.0	0.0	
8.0	0.0	0.0	0.0	0.0	0.0	-0.029	0.0	0.0	0.0	0.0	
9.0	0.0	0.0	0.0	0.0	0.0	-0.018	0.0	0.0	0.0	0.0	
10.0	0.0	0.0	0.0	0.0	0.0	0.009	0.0	0.0	0.0	0.0	
11.0	0.0	0.0	0.0	0.0	4.0	0.012	0.0	0.0	0.0	0.0	
12.0	0.0	0.0	0.0	0.0	0.0	0.021	0.0	0.0	0.0	0.0	
13.0	0.0	0.0	0.0	0.0	0.0	0.041	0.0	0.0	0.0	0.0	
14.0	0.0	0.0	0.0	0.0	0.0	0.053	0.0	0.0	0.0	0.0	
15.0	0.0	0.0	0.0	0.0	4.0	0.067	0.0	0.0	0.0	0.0	
0.0	0.0	0.0	0.0	0.0	0.0	0.07	0.0	0.0	0.0	0.0	
1.0	0.0	0.0	0.0	0.0	0.0	0.056	0.0	0.0	0.0	0.0	
2.0	0.0	0.0	0.0	0.0	0.0	0.062	1.0	0.0	0.0	0.0	
3.0	0.0	0.0	0.0	0.0	4.0	0.05	0.0	0.0	0.0	0.0	
4.0	0.0	0.0	0.0	0.0	0.0	0.044	0.0	0.0	0.0	0.0	
5.0	0.0	0.0	0.0	0.0	0.0	0.012	0.0	0.0	0.0	0.0	
6.0	0.0	0.0	0.0	0.0	0.0	-0.003	1.0	0.0	0.0	0.0	
7.0	0.0	0.0	0.0	0.0	4.0	-0.023	0.0	0.0	0.0	0.0	
8.0	0.0	0.0	0.0	0.0	0.0	-0.038	0.0	0.0	0.0	0.0	
9.0	0.0	0.0	0.0	0.0	0.0	-0.038	0.0	0.0	0.0	0.0	
10.0	0.0	0.0	0.0	0.0	0.0	-0.026	0.0	0.0	0.0	0.0	
11.0	0.0	0.0	0.0	0.0	4.0	-0.032	0.0	0.0	0.0	0.0	
12.0	0.0	0.0	0.0	0.0	0.0	-0.023	0.0	0.0	0.0	0.0	
13.0	0.0	0.0	0.0	0.0	0.0	-0.023	0.0	0.0	0.0	0.0	
14.0	0.0	0.0	0.0	0.0	0.0	-0.009	1.0	0.0	0.0	0.0	
15.0	0.0	0.0	0.0	0.0	4.0	-0.012	0.0	0.0	0.0	0.0	
0.0	0.0	0.0	0.0	0.0	0.0	-0.012	0.0	0.0	0.0	0.0	
1.0	0.0	0.0	0.0	0.0	0.0	-0.023	0.0	0.0	0.0	0.0	
2.0	0.0	0.0	0.0	0.0	0.0	-0.015	0.0	0.0	0.0	0.0	
3.0	0.0	0.0	0.0	0.0	1.0	-0.021	0.0	0.0	0.0	0.0	
4.0	0.0	0.0	0.0	0.0	0.0	-0.009	0.0	0.0	0.0	0.0	
5.0	0.0	0.0	0.0	0.0	0.0	-0.029	0.0	0.0	0.0	0.0	
6.0	0.0	0.0	0.0	0.0	0.0	-0.026	0.0	0.0	0.0	0.0	
7.0	0.0	0.0	0.0	0.0	4.0	-0.029	0.0	0.0	0.0	0.0	
8.0	0.0	0.0	0.0	0.0	0.0	-0.029	0.0	0.0	0.0	0.0	
9.0	0.0	0.0	0.0	0.0	0.0	-0.026	0.0	0.0	0.0	0.0	
10.0	0.0	0.0	0.0	0.0	0.0	-0.018	1.0	0.0	0.0	0.0	
11.0	0.0	0.0	0.0	0.0	4.0	-0.015	0.0	0.0	0.0	0.0	
12.0	0.0	0.0	0.0	0.0	0.0	-0.003	0.0	0.0	0.0	0.0	
13.0	0.0	0.0	0.0	0.0	0.0	-0.003	0.0	0.0	0.0	0.0	
14.0	0.0	0.0	0.0	0.0	0.0	0.015	0.0	0.0	0.0	0.0	
15.0	0.0	0.0	0.0	0.0	2.0	0.018	0.0	0.0	0.0	0.0	
0.0	0.0	0.0	0.0	0.0	0.0	0.012	0.0	0.0	0.0	0.0	
1.0	0.0	0.0	0.0	0.0	0.0	-0.006	0.0	0.0	0.0	0.0	
2.0	0.0	0.0	0.0	0.0	0.0	-0.023	0.0	0.0	0.0	0.0	
3.0	0.0	0.0	0.0	0.0	4.0	-0.021	0.0	0.0	0.0	0.0	
4.0	0.0	0.0	0.0	0.0	0.0	-0.006	0.0	0.0	0.0	0.0	
5.0	0.0	0.0	0.0	0.0	0.0	-0.006	0.0	0.0	0.0	0.0	
6.0	0.0	0.0	0.0	0.0	0.0	-0.006	0.0	0.0	0.0	0.0	
7.0	0.0	0.0	0.0	0.0	4.0	-0.006	0.0	0.0	0.0	0.0	
8.0	0.0	0.0	0.0	0.0	0.0	-0.009	0.0	0.0	0.0	0.0	
9.0	0.0	0.0	0.0	0.0	0.0	-0.012	0.0	0.0	0.0	0.0	
10.0	0.0	0.0	0.0	0.0	0.0	-0.021	0.0	0.0	0.0	0.0	
11.0	0.0	0.0	0.0	0.0	4.0	0.082	0.0	0.0	0.0	0.0	
12.0	0.0	0.0	0.0	0.0	0.0	0.24	0.0	0.0	0.0	0.0	
13.0	0.0	0.0	0.0	0.0	0.0	0.214	0.0	0.0	0.0	0.0	
14.0	0.0	0.0	0.0	0.0	0.0	-0.012	0.0	0.0	0.0	0.0	
15.0	0.0	0.0	0.0	0.0	4.0	-0.155	0.0	0.0	0.0	0.0	
0.0	0.0	0.0	0.0	0.0	0.0	-0.097	0.0	0.0	0.0	0.0	
1.0	0.0	0.0	0.0	0.0	0.0	-0.023	0.0	0.0	0.0	0.0	
2.0	0.0	0.0	0.0	0.0	0.0	0.015	1.0	0.0	0.0	0.0	
3.0	0.0	0.0	0.0	0.0	4.0	0.023	0.0	0.0	0.0	0.0	
4.0	0.0	0.0	0.0	0.0	0.0	0.038	0.0	0.0	0.0	0.0	
5.0	0.0	0.0	0.0	0.0	0.0	0.047	0.0	0.0	0.0	0.0	
6.0	0.0	0.0	0.0	0.0	0.0	0.053	1.0	0.0	0.0	0.0	
7.0	0.0	0.0	0.0	0.0	4.0	0.062	0.0	0.0	0.0	0.0	
8.0	0.0	0.0	0.0	0.0	0.0	0.07	0.0	0.0	0.0	0.0	
9.0	0.0	0.0	0.0	0.0	0.0	0.07	0.0	0.0	0.0	0.0	
10.0	0.0	0.0	0.0	0.0	0.0	0.079	1.0	0.0	0.0	0.0	
11.0	0.0	0.0	0.0	0.0	4.0	0.079	0.0	0.0	0.0	0.0	
12.0	0.0	0.0	0.0	0.0	0.0	0.079	0.0	0.0	0.0	0.0	
13.0	0.0	0.0	0.0	0.0	0.0	0.085	0.0	0.0	0.0	0.0	
14.0	0.0	0.0	0.0	0.0	0.0	0.094	1.0	0.0	0.0	0.0	
15.0	0.0	0.0	0.0	0.0	1.0	0.103	0.0	0.0	0.0	0.0	
0.0	0.0	0.0	0.0	0.0	0.0	0.097	0.0	0.0	0.0	0.0	
1.0	0.0	0.0	0.0	0.0	0.0	0.085	0.0	0.0	0.0	0.0	
2.0	0.0	0.0	0.0	0.0	0.0	0.088	1.0	0.0	0.0	0.0	
3.0	0.0	0.0	0.0	0.0	4.0	0.067	0.0	0.0	0.0	0.0	
4.0	0.0	0.0	0.0	0.0	0.0	0.041	0.0	0.0	0.0	0.0	
5.0	0.0	0.0	0.0	0.0	0.0	0.003	0.0	0.0	0.0	0.0	
6.0	0.0	0.0	0.0	0.0	0.0	-0.026	0.0	0.0	0.0	0.0	
7.0	0.0	0.0	0.0	0.0	4.0	-0.053	0.0	0.0	0.0	0.0	
8.0	0.0	0.0	0.0	0.0	0.0	-0.05	0.0	0.0	0.0	0.0	
9.0	0.0	0.0	0.0	0.0	0.0	-0.05	0.0	0.0	0.0	0.0	
10.0	0.0	0.0	0.0	0.0	0.0	-0.044	0.0	0.0	0.0	0.0	
11.0	0.0	0.0	0.0	0.0	2.0	-0.05	0.0	0.0	0.0	0.0	
12.0	0.0	0.0	0.0	0.0	0.0	-0.053	0.0	0.0	0.0	0.0	
13.0	0.0	0.0	0.0	0.0	0.0	-0.047	0.0	0.0	0.0	0.0	
14.0	0.0	0.0	0.0	0.0	0.0	-0.038	0.0	0.0	0.0	0.0	
15.0	0.0	0.0	0.0	0.0	4.0	-0.021	0.0	0.0	0.0	0.0	
0.0	0.0	0.0	0.0	0.0	0.0	-0.023	0.0	0.0	0.0	0.0	
1.0	0.0	0.0	0.0	0.0	0.0	-0.012	0.0	0.0	0.0	0.0	
2.0	0.0	0.0	0.0	0.0	0.0	0.0	0.0	0.0	0.0	0.0	
3.0	0.0	0.0	0.0	0.0	4.0	0.009	0.0	0.0	0.0	0.0	
4.0	0.0	0.0	0.0	0.0	0.0	0.012	0.0	0.0	0.0	0.0	
5.0	0.0	0.0	0.0	0.0	0.0	0.018	0.0	0.0	0.0	0.0	
6.0	0.0	0.0	0.0	0.0	0.0	0.023	0.0	0.0	0.0	0.0	
7.0	0.0	0.0	0.0	0.0	4.0	0.029	0.0	0.0	0.0	0.0	
8.0	0.0	0.0	0.0	0.0	0.0	0.035	0.0	0.0	0.0	0.0	
9.0	0.0	0.0	0.0	0.0	0.0	0.041	0.0	0.0	0.0	0.0	
10.0	0.0	0.0	0.0	0.0	0.0	0.047	1.0	0.0	0.0	0.0	
11.0	0.0	0.0	0.0	0.0	4.0	0.056	0.0	0.0	0.0	0.0	
12.0	0.0	0.0	0.0	0.0	0.0	0.056	0.0	0.0	0.0	0.0	
13.0	0.0	0.0	0.0	0.0	0.0	0.082	0.0	0.0	0.0	0.0	
14.0	0.0	0.0	0.0	0.0	0.0	0.108	1.0	0.0	0.0	0.0	
15.0	0.0	0.0	0.0	0.0	2.0	0.12	0.0	0.0	0.0	0.0	
0.0	0.0	0.0	0.0	0.0	0.0	0.129	0.0	0.0	0.0	0.0	
1.0	0.0	0.0	0.0	0.0	0.0	0.141	0.0	0.0	0.0	0.0	
2.0	0.0	0.0	0.0	0.0	0.0	0.135	1.0	0.0	0.0	0.0	
3.0	0.0	0.0	0.0	0.0	4.0	0.103	0.0	0.0	0.0	0.0	
4.0	0.0	0.0	0.0	0.0	0.0	0.076	0.0	0.0	0.0	0.0	
5.0	0.0	0.0	0.0	0.0	0.0	0.07	0.0	0.0	0.0	0.0	
6.0	0.0	0.0	0.0	0.0	0.0	0.064	1.0	0.0	0.0	0.0	
7.0	0.0	0.0	0.0	0.0	4.0	0.062	0.0	0.0	0.0	0.0	
8.0	0.0	0.0	0.0	0.0	0.0	0.067	0.0	0.0	0.0	0.0	
9.0	0.0	0.0	0.0	0.0	0.0	0.064	0.0	0.0	0.0	0.0	
10.0	0.0	0.0	0.0	0.0	0.0	0.064	0.0	0.0	0.0	0.0	
11.0	0.0	0.0	0.0	0.0	1.0	0.053	0.0	0.0	0.0	0.0	
12.0	0.0	0.0	0.0	0.0	0.0	0.053	0.0	0.0	0.0	0.0	
13.0	0.0	0.0	0.0	0.0	0.0	0.141	0.0	0.0	0.0	0.0	
14.0	0.0	0.0	0.0	0.0	0.0	0.325	1.0	0.0	0.0	0.0	
15.0	0.0	0.0	0.0	0.0	4.0	0.328	0.0	0.0	0.0	0.0	
0.0	0.0	0.0	0.0	0.0	0.0	0.103	0.0	0.0	0.0	0.0	
1.0	0.0	0.0	0.0	0.0	0.0	-0.091	0.0	0.0	0.0	0.0	
2.0	0.0	0.0	0.0	0.0	0.0	-0.044	0.0	0.0	0.0	0.0	
3.0	0.0	0.0	0.0	0.0	4.0	0.021	0.0	0.0	0.0	0.0	
4.0	0.0	0.0	0.0	0.0	0.0	0.073	0.0	0.0	0.0	0.0	
5.0	0.0	0.0	0.0	0.0	0.0	0.088	0.0	0.0	0.0	0.0	
6.0	0.0	0.0	0.0	0.0	0.0	0.097	0.0	0.0	0.0	0.0	
7.0	0.0	0.0	0.0	0.0	4.0	0.105	0.0	0.0	0.0	0.0	
8.0	0.0	0.0	0.0	0.0	0.0	0.12	0.0	0.0	0.0	0.0	
9.0	0.0	0.0	0.0	0.0	0.0	0.129	0.0	0.0	0.0	0.0	
10.0	0.0	0.0	0.0	0.0	0.0	0.141	1.0	0.0	0.0	0.0	
11.0	0.0	0.0	0.0	0.0	4.0	0.144	0.0	0.0	0.0	0.0	
12.0	0.0	0.0	0.0	0.0	0.0	0.144	0.0	0.0	0.0	0.0	
13.0	0.0	0.0	0.0	0.0	0.0	0.152	0.0	0.0	0.0	0.0	
14.0	0.0	0.0	0.0	0.0	0.0	0.164	1.0	0.0	0.0	0.0	
15.0	0.0	0.0	0.0	0.0	4.0	0.173	0.0	0.0	0.0	0.0	
0.0	0.0	0.0	0.0	0.0	0.0	0.185	0.0	0.0	0.0	0.0	
1.0	0.0	0.0	0.0	0.0	0.0	0.188	0.0	0.0	0.0	0.0	
2.0	0.0	0.0	0.0	0.0	0.0	0.196	1.0	0.0	0.0	0.0	
3.0	0.0	0.0	0.0	0.0	4.0	0.196	0.0	0.0	0.0	0.0	
4.0	0.0	0.0	0.0	0.0	0.0	0.196	0.0	0.0	0.0	0.0	
5.0	0.0	0.0	0.0	0.0	0.0	0.167	0.0	0.0	0.0	0.0	
6.0	0.0	0.0	0.0	0.0	0.0	0.138	1.0	0.0	0.0	0.0	
7.0	0.0	0.0	0.0	0.0	4.0	0.094	0.0	0.0	0.0	0.0	
8.0	0.0	0.0	0.0	0.0	0.0	0.044	0.0	0.0	0.0	0.0	
9.0	0.0	0.0	0.0	0.0	0.0	0.015	0.0	0.0	0.0	0.0	
10.0	0.0	0.0	0.0	0.0	0.0	0.003	1.0	0.0	0.0	0.0	
11.0	0.0	0.0	0.0	0.0	2.0	-0.003	0.0	0.0	0.0	0.0	
12.0	0.0	0.0	0.0	0.0	0.0	-0.003	0.0	0.0	0.0	0.0	
13.0	0.0	0.0	0.0	0.0	0.0	-0.009	0.0	0.0	0.0	0.0	
14.0	0.0	0.0	0.0	0.0	0.0	0.003	1.0	0.0	0.0	0.0	
15.0	0.0	0.0	0.0	0.0	4.0	0.012	0.0	0.0	0.0	0.0	
0.0	0.0	0.0	0.0	0.0	0.0	0.021	0.0	0.0	0.0	0.0	
1.0	0.0	0.0	0.0	0.0	0.0	0.018	0.0	0.0	0.0	0.0	
2.0	0.0	0.0	0.0	0.0	0.0	0.021	0.0	0.0	0.0	0.0	
3.0	0.0	0.0	0.0	0.0	4.0	0.018	0.0	0.0	0.0	0.0	
4.0	0.0	0.0	0.0	0.0	0.0	0.026	0.0	0.0	0.0	0.0	
5.0	0.0	0.0	0.0	0.0	0.0	0.018	0.0	0.0	0.0	0.0	
6.0	0.0	0.0	0.0	0.0	0.0	0.018	0.0	0.0	0.0	0.0	
7.0	0.0	0.0	0.0	0.0	1.0	0.018	0.0	0.0	0.0	0.0	
8.0	0.0	0.0	0.0	0.0	0.0	0.015	0.0	0.0	0.0	0.0	
9.0	0.0	0.0	0.0	0.0	0.0	0.012	0.0	0.0	0.0	0.0	
10.0	0.0	0.0	0.0	0.0	0.0	0.012	0.0	0.0	0.0	0.0	
11.0	0.0	0.0	0.0	0.0	4.0	0.009	0.0	0.0	0.0	0.0	
12.0	0.0	0.0	0.0	0.0	0.0	0.009	0.0	0.0	0.0	0.0	
13.0	0.0	0.0	0.0	0.0	0.0	0.003	0.0	0.0	0.0	0.0	
14.0	0.0	0.0	0.0	0.0	0.0	0.0	0.0	0.0	0.0	0.0	
15.0	0.0	0.0	0.0	0.0	4.0	-0.012	0.0	0.0	0.0	0.0	
0.0	0.0	0.0	0.0	0.0	0.0	-0.015	0.0	0.0	0.0	0.0	
